shape		t		lossrate		minCoverage	PM		runtime

1111011010001110011011		28		0.190255		49		58740		6.36229
1111011010001110011011		27		0.15001		48		58889		6.36151
1111011010001110011011		26		0.114787		47		59005		6.3628
1111011010001110011011		25		0.0846658		46		59117		6.36146
1111011010001110011011		24		0.0584229		45		59175		6.37776
1111011010001110011011		23		0.0392616		44		59241		6.36671
1111011010001110011011		22		0.0246245		43		59298		6.35911
1111011010001110011011		21		0.0135473		42		59331		6.35992
1111011010001110011011		20		0.00746678		41		59357		6.36289
1111011010001110011011		19		0.00341613		40		59374		6.36331
1111011010001110011011		18		0.00127419		39		59383		6.37152
1111011010001110011011		17		0.000208675		38		59389		6.3642
1111011010001110011011		16		2.49868e-05		37		59398		6.36113
1111011010001110011011		15		0		36		59401		6.36542
11101110110001110110001		28		0.195796		50		58576		6.32139
11101110110001110110001		27		0.157954		49		58791		6.33002
11101110110001110110001		26		0.124861		48		58924		6.32315
11101110110001110110001		25		0.095527		47		59067		6.32693
11101110110001110110001		24		0.0695479		46		59168		6.33035
11101110110001110110001		23		0.0499321		45		59211		6.32597
11101110110001110110001		22		0.0342986		44		59269		6.33104
11101110110001110110001		21		0.0227494		43		59297		6.33086
11101110110001110110001		20		0.0140456		42		59334		6.3315
11101110110001110110001		19		0.0079129		41		59361		6.33056
11101110110001110110001		18		0.00425857		40		59380		6.33116
11101110110001110110001		17		0.00162913		39		59386		6.34164
11101110110001110110001		16		0.000545914		38		59389		6.33321
11101110110001110110001		15		0.000102237		37		59393		6.33026
11101110110001110110001		14		5.60211e-06		36		59398		6.32762
11101110110001110110001		13		0		35		59404		6.32894
