shape		t		lossrate		minCoverage	PM		runtime

1111011010001110011011		25		0.166494		46		68779		7.7592
1111011010001110011011		24		0.13425		45		68783		7.76086
1111011010001110011011		23		0.105502		44		68783		7.76746
1111011010001110011011		22		0.080447		43		68783		7.77983
1111011010001110011011		21		0.0590489		42		68786		7.7754
1111011010001110011011		20		0.0413374		41		68789		7.78525
1111011010001110011011		19		0.0274224		40		68790		7.77042
1111011010001110011011		18		0.017106		39		68792		7.78578
1111011010001110011011		17		0.0099276		38		68792		7.78058
1111011010001110011011		16		0.00527263		37		68792		7.7949
1111011010001110011011		15		0.00252488		36		68792		7.78232
1111011010001110011011		14		0.00107044		35		68792		7.78726
1111011010001110011011		13		0.000393048		34		68792		7.78589
1111011010001110011011		12		0.000120671		33		68792		7.78243
1111011010001110011011		11		2.98027e-05		32		68792		7.78516
1111011010001110011011		10		5.62222e-06		31		68792		7.76458
1111011010001110011011		9		7.7068e-07		30		68792		7.78293
1111011010001110011011		8		7.29584e-08		28		68792		7.78171
1111011010001110011011		7		6.11119e-09		26		68792		7.79114
1111011010001110011011		6		0		24		68792		7.79278
11101110110001110110001		26		0.197817		48		68770		7.69501
11101110110001110110001		25		0.164652		47		68777		7.70275
11101110110001110110001		24		0.134505		46		68782		7.73296
11101110110001110110001		23		0.107589		45		68783		7.70791
11101110110001110110001		22		0.0840162		44		68783		7.71015
11101110110001110110001		21		0.0638332		43		68786		7.7259
11101110110001110110001		20		0.0469622		42		68788		7.70222
11101110110001110110001		19		0.0333032		41		68789		7.71148
11101110110001110110001		18		0.0226456		40		68791		7.70842
11101110110001110110001		17		0.0146921		39		68792		7.71101
11101110110001110110001		16		0.00904682		38		68792		7.7069
11101110110001110110001		15		0.00524832		37		68792		7.69872
11101110110001110110001		14		0.0028443		36		68792		7.70705
11101110110001110110001		13		0.00142052		35		68792		7.70588
11101110110001110110001		12		0.000645767		34		68792		7.70818
11101110110001110110001		11		0.000262853		33		68792		7.69855
11101110110001110110001		10		9.4404e-05		32		68792		7.7123
11101110110001110110001		9		2.94381e-05		30		68792		7.71322
11101110110001110110001		8		7.74772e-06		28		68792		7.71516
11101110110001110110001		7		1.6869e-06		26		68792		7.71333
11101110110001110110001		6		2.77569e-07		24		68792		7.69275
11101110110001110110001		5		3.86283e-08		22		68792		7.70979
11101110110001110110001		4		3.56031e-09		20		68792		7.70993
11101110110001110110001		3		0		18		68792		7.70429
1111111111100000111		27		0.185938		45		68767		7.27947
1111111111100000111		26		0.156162		44		68771		7.27967
1111111111100000111		25		0.129326		43		68779		7.27354
1111111111100000111		24		0.105302		42		68780		7.69963
1111111111100000111		23		0.0840532		41		68784		7.25702
1111111111100000111		22		0.0656198		40		68788		7.2688
1111111111100000111		21		0.0498729		39		68788		7.26143
1111111111100000111		20		0.0367757		38		68790		7.27147
1111111111100000111		19		0.0263462		37		68790		7.27553
1111111111100000111		18		0.0182763		36		68792		7.28064
1111111111100000111		17		0.0121888		35		68792		7.28249
1111111111100000111		16		0.00769022		34		68792		7.25755
1111111111100000111		15		0.00453379		33		68792		7.26354
1111111111100000111		14		0.00250618		32		68792		7.30229
1111111111100000111		13		0.00129373		31		68792		7.26629
1111111111100000111		12		0.000630688		30		68792		7.28207
1111111111100000111		11		0.000281727		29		68792		7.29198
1111111111100000111		10		0.000106956		28		68792		7.28092
1111111111100000111		9		3.35166e-05		27		68792		7.27355
1111111111100000111		8		7.45263e-06		26		68792		7.27404
1111111111100000111		7		1.14517e-06		25		68792		7.28005
1111111111100000111		6		9.76233e-08		24		68792		7.27684
1111111111100000111		5		0		22		68792		7.27507
11111111111111		28		0.199598		41		68767		7.22253
11111111111111		27		0.17231		40		68771		7.21881
11111111111111		26		0.146976		39		68777		7.21407
11111111111111		25		0.123777		38		68779		7.21594
11111111111111		24		0.10296		37		68780		7.21639
11111111111111		23		0.0847612		36		68784		7.19449
11111111111111		22		0.0690472		35		68786		7.20024
11111111111111		21		0.0555482		34		68790		7.19353
11111111111111		20		0.0440238		33		68792		7.39004
11111111111111		19		0.0343341		32		68792		7.15872
11111111111111		18		0.0263176		31		68792		7.21442
11111111111111		17		0.0198326		30		68792		7.20914
11111111111111		16		0.0146808		29		68792		7.77334
11111111111111		15		0.0106436		28		68792		7.16619
11111111111111		14		0.00754157		27		68792		7.20217
11111111111111		13		0.00520879		26		68792		7.20489
11111111111111		12		0.0034946		25		68792		7.73719
11111111111111		11		0.00227092		24		68792		7.14879
11111111111111		10		0.00142534		23		68792		7.16034
11111111111111		9		0.000860686		22		68797		7.17255
11111111111111		8		0.000496584		21		68797		7.22982
11111111111111		7		0.000271125		20		68811		7.22882
11111111111111		6		0.000138412		19		68814		7.22235
11111111111111		5		6.5145e-05		18		68894		7.23339
11111111111111		4		2.75999e-05		17		69239		7.22127
11111111111111		3		1.00265e-05		16		70553		7.22229
11111111111111		2		2.84219e-06		15		76049		7.24982
11111111111111		1		4.9187e-07		14		99507		7.66615
110101111001100010111		28		0.190009		48		68773		4.71242
110101111001100010111		27		0.15489		47		68780		4.70456
110101111001100010111		26		0.12336		46		68781		4.70759
110101111001100010111		25		0.0955797		45		68786		4.70364
110101111001100010111		24		0.071656		44		68786		4.85235
110101111001100010111		23		0.0516622		43		68788		4.72297
110101111001100010111		22		0.0355587		42		68790		4.72522
110101111001100010111		21		0.0231463		41		68790		4.70624
110101111001100010111		20		0.014104		40		68790		4.70282
110101111001100010111		19		0.00795041		39		68792		4.70135
110101111001100010111		18		0.00409941		38		68792		5.39684
110101111001100010111		17		0.00190214		37		68792		4.695
110101111001100010111		16		0.000775975		36		68792		4.70442
110101111001100010111		15		0.000270292		35		68792		4.70688
110101111001100010111		14		7.79306e-05		34		68792		4.70712
110101111001100010111		13		1.80504e-05		33		68792		4.73195
110101111001100010111		12		3.2318e-06		32		68792		4.72721
110101111001100010111		11		4.22157e-07		31		68792		4.71742
110101111001100010111		10		3.6388e-08		30		68792		4.726
110101111001100010111		9		1.00654e-09		29		68792		4.72595
110101111001100010111		8		0		27		68792		4.72588
11111111110000111		30		0.196899		46		68771		4.28254
11111111110000111		29		0.165209		45		68774		4.30747
11111111110000111		28		0.13655		44		68778		4.2611
11111111110000111		27		0.111033		43		68783		4.26513
11111111110000111		26		0.0883912		42		68784		4.26511
11111111110000111		25		0.0689993		41		68787		4.26242
11111111110000111		24		0.0527165		40		68789		4.26704
11111111110000111		23		0.0391543		39		68789		4.46595
11111111110000111		22		0.0283347		38		68790		4.26749
11111111110000111		21		0.0198677		37		68792		4.27889
11111111110000111		20		0.0133119		36		68792		4.27175
11111111110000111		19		0.00853558		35		68792		4.26729
11111111110000111		18		0.00516294		34		68792		4.26934
11111111110000111		17		0.00292463		33		68792		4.49301
11111111110000111		16		0.00156726		32		68792		4.27019
11111111110000111		15		0.000782106		31		68792		4.29498
11111111110000111		14		0.000341311		30		68792		4.27969
11111111110000111		13		0.000116882		29		68792		4.29226
11111111110000111		12		3.02014e-05		28		68792		4.28837
11111111110000111		11		4.8594e-06		27		68792		4.3068
11111111110000111		10		3.11805e-07		26		68792		4.28702
11111111110000111		9		9.78368e-09		25		68792		4.3008
11111111110000111		8		0		24		68792		4.28781
1111111111111		30		0.182711		42		68771		4.26039
1111111111111		29		0.155197		41		68778		4.26843
1111111111111		28		0.130075		40		68780		4.26643
1111111111111		27		0.107646		39		68781		4.26684
1111111111111		26		0.0882007		38		68784		4.2662
1111111111111		25		0.0714523		37		68788		4.35314
1111111111111		24		0.0570967		36		68792		4.25446
1111111111111		23		0.0448007		35		68792		4.26572
1111111111111		22		0.0345782		34		68792		4.2647
1111111111111		21		0.0262675		33		68792		4.2647
1111111111111		20		0.0196324		32		68792		4.26748
1111111111111		19		0.0144015		31		68792		4.40943
1111111111111		18		0.0103419		30		68792		4.26071
1111111111111		17		0.00725015		29		68792		4.26156
1111111111111		16		0.00494194		28		68792		4.25907
1111111111111		15		0.00326939		27		68792		4.26481
1111111111111		14		0.00209634		26		68792		4.26614
1111111111111		13		0.00130169		25		68792		4.27565
1111111111111		12		0.00077815		24		68792		4.26451
1111111111111		11		0.000444708		23		68792		4.26498
1111111111111		10		0.000243323		22		68797		4.26736
1111111111111		9		0.000126463		21		68797		4.26155
1111111111111		8		6.16094e-05		20		68811		4.26314
1111111111111		7		2.75992e-05		19		68814		4.26459
1111111111111		6		1.10478e-05		18		68894		4.27255
1111111111111		5		3.78896e-06		17		69239		4.26782
1111111111111		4		1.04299e-06		16		70553		4.27422
1111111111111		3		2.06607e-07		15		76054		4.29001
1111111111111		2		2.41417e-08		14		99507		4.38972
1111111111111		1		1.06565e-09		13		190192		4.74
1110100111010011101		31		0.192559		49		68778		4.09389
1110100111010011101		30		0.156887		48		68781		4.10832
1110100111010011101		29		0.125078		47		68781		4.0953
1110100111010011101		28		0.0972888		46		68783		4.08946
1110100111010011101		27		0.0735899		45		68787		4.10082
1110100111010011101		26		0.0538896		44		68787		4.09623
1110100111010011101		25		0.0379984		43		68789		4.09069
1110100111010011101		24		0.0256475		42		68789		4.09729
1110100111010011101		23		0.0164061		41		68792		4.0925
1110100111010011101		22		0.00984269		40		68792		4.1032
1110100111010011101		21		0.00545451		39		68792		4.09739
1110100111010011101		20		0.00274277		38		68792		4.15083
1110100111010011101		19		0.00121743		37		68792		4.27128
1110100111010011101		18		0.000459395		36		68792		4.26584
1110100111010011101		17		0.000137066		35		68792		4.26153
1110100111010011101		16		3.00312e-05		34		68792		4.25216
1110100111010011101		15		4.31911e-06		33		68792		4.20897
1110100111010011101		14		2.8378e-07		32		68792		4.21911
1110100111010011101		13		5.7275e-09		31		68792		4.20203
1110100111010011101		12		0		30		68792		4.19828
11111111100111		33		0.195741		46		68777		3.61611
11111111100111		32		0.163457		45		68779		3.62724
11111111100111		31		0.134244		44		68781		3.62286
11111111100111		30		0.108482		43		68783		3.62269
11111111100111		29		0.0862471		42		68787		3.62195
11111111100111		28		0.0673329		41		68788		3.63213
11111111100111		27		0.0514435		40		68790		3.62301
11111111100111		26		0.038399		39		68792		3.62636
11111111100111		25		0.0279519		38		68792		3.62366
11111111100111		24		0.0197797		37		68792		3.62838
11111111100111		23		0.0135687		36		68792		3.63022
11111111100111		22		0.00899717		35		68792		3.64448
11111111100111		21		0.00572739		34		68792		3.63476
11111111100111		20		0.00349756		33		68792		3.6327
11111111100111		19		0.00203206		32		68792		3.62958
11111111100111		18		0.00110896		31		68792		3.62503
11111111100111		17		0.000559801		30		68792		3.62946
11111111100111		16		0.000260439		29		68792		3.62481
11111111100111		15		0.000106019		28		68792		3.64224
11111111100111		14		3.56423e-05		27		68792		3.62543
11111111100111		13		9.35152e-06		26		68792		3.62903
11111111100111		12		1.62655e-06		25		68792		3.6369
11111111100111		11		1.28745e-07		24		68792		3.63044
11111111100111		10		0		23		68792		3.62617
111111111111		33		0.189046		44		68772		3.77347
111111111111		32		0.159472		43		68779		3.7794
111111111111		31		0.132576		42		68781		3.76853
111111111111		30		0.108731		41		68786		3.81021
111111111111		29		0.0881689		40		68786		3.78332
111111111111		28		0.0703694		39		68790		3.77981
111111111111		27		0.0552321		38		68792		3.78908
111111111111		26		0.0426401		37		68792		3.78629
111111111111		25		0.0324019		36		68792		3.78553
111111111111		24		0.0242298		35		68792		3.78897
111111111111		23		0.01778		34		68792		3.78261
111111111111		22		0.0127721		33		68792		3.81414
111111111111		21		0.00894833		32		68792		3.8072
111111111111		20		0.00608321		31		68792		3.78784
111111111111		19		0.00400223		30		68792		3.8112
111111111111		18		0.00254575		29		68792		3.80661
111111111111		17		0.00155652		28		68792		3.81025
111111111111		16		0.000926261		27		68792		3.78904
111111111111		15		0.000532255		26		68792		3.78343
111111111111		14		0.000293159		25		68792		3.77657
111111111111		13		0.000153332		24		68792		3.78038
111111111111		12		7.50765e-05		23		68792		3.77271
111111111111		11		3.36128e-05		22		68797		3.77462
111111111111		10		1.33044e-05		21		68797		3.75344
111111111111		9		4.39512e-06		20		68811		3.78411
111111111111		8		1.08329e-06		19		68814		3.7744
111111111111		7		1.51253e-07		18		68894		3.76377
111111111111		6		0		17		69247		3.78617
11111101110101		35		0.170084		48		68779		4.1003
11111101110101		34		0.137885		47		68782		4.09587
11111101110101		33		0.109765		46		68785		4.07283
11111101110101		32		0.0856382		45		68789		4.07327
11111101110101		31		0.0653735		44		68789		4.10791
11111101110101		30		0.0487238		43		68790		4.09113
11111101110101		29		0.0353182		42		68792		4.09
11111101110101		28		0.0248238		41		68792		4.06633
11111101110101		27		0.0168603		40		68792		4.06661
11111101110101		26		0.0110321		39		68792		4.09402
11111101110101		25		0.00691787		38		68792		4.09043
11111101110101		24		0.0041292		37		68792		4.10418
11111101110101		23		0.00232979		36		68792		4.09679
11111101110101		22		0.00122948		35		68792		4.1066
11111101110101		21		0.000598566		34		68792		4.09709
11111101110101		20		0.000261245		33		68792		4.09182
11111101110101		19		9.71472e-05		32		68792		4.09331
11111101110101		18		2.87082e-05		31		68792		4.07091
11111101110101		17		5.9532e-06		30		68792		4.09979
11111101110101		16		6.36104e-07		29		68792		4.08301
11111101110101		15		1.25284e-08		28		68792		4.1079
11111101110101		14		0		27		68792		4.08829
1111111001111		35		0.166926		47		68780		3.75413
1111111001111		34		0.13488		46		68783		3.70749
1111111001111		33		0.106808		45		68787		3.76572
1111111001111		32		0.0829308		44		68788		3.75613
1111111001111		31		0.0629455		43		68790		3.76068
1111111001111		30		0.0465285		42		68790		3.74088
1111111001111		29		0.0333827		41		68790		3.73699
1111111001111		28		0.0232331		40		68792		3.7418
1111111001111		27		0.0156042		39		68792		3.76409
1111111001111		26		0.0100953		38		68792		3.76911
1111111001111		25		0.00622601		37		68792		3.71353
1111111001111		24		0.00365129		36		68792		3.73636
1111111001111		23		0.00202724		35		68792		3.74933
1111111001111		22		0.00105492		34		68792		3.73701
1111111001111		21		0.000505056		33		68792		3.7776
1111111001111		20		0.000215671		32		68792		3.77133
1111111001111		19		8.55645e-05		31		68792		3.75484
1111111001111		18		2.91887e-05		30		68792		3.74173
1111111001111		17		7.76946e-06		29		68792		3.77816
1111111001111		16		1.36393e-06		28		68792		3.76146
1111111001111		15		2.06607e-07		27		68792		3.78762
1111111001111		14		2.41417e-08		26		68792		3.76907
1111111001111		13		1.06565e-09		25		68792		3.79945
1111111001111		12		0		24		68792		3.74239
11111111111		36		0.190042		46		68774		3.66894
11111111111		35		0.158584		45		68785		3.68103
11111111111		34		0.130211		44		68786		3.68537
11111111111		33		0.104723		43		68786		3.64984
11111111111		32		0.0828892		42		68788		3.66059
11111111111		31		0.0646082		41		68790		3.66184
11111111111		30		0.0496052		40		68792		3.67007
11111111111		29		0.0374565		39		68792		3.66475
11111111111		28		0.0277876		38		68792		3.6813
11111111111		27		0.0201808		37		68792		3.69884
11111111111		26		0.014307		36		68792		3.6939
11111111111		25		0.00985701		35		68792		3.68785
11111111111		24		0.00655006		34		68792		3.62059
11111111111		23		0.00412628		33		68792		3.6893
11111111111		22		0.00253159		32		68792		3.65431
11111111111		21		0.00151228		31		68792		3.66976
11111111111		20		0.000873751		30		68792		3.68652
11111111111		19		0.000483832		29		68792		3.65737
11111111111		18		0.000252972		28		68792		3.61906
11111111111		17		0.000122369		27		68792		3.66165
11111111111		16		5.27403e-05		26		68792		3.68082
11111111111		15		1.8909e-05		25		68792		3.69817
11111111111		14		4.68049e-06		24		68792		3.62676
11111111111		13		0		23		68792		3.69466
111001001010011101		36		0.180914		53		68784		4.99506
111001001010011101		35		0.139906		52		68784		5.0045
111001001010011101		34		0.104724		51		68787		4.98676
111001001010011101		33		0.0754721		50		68787		4.97412
111001001010011101		32		0.0519977		49		68787		5.0063
111001001010011101		31		0.0339991		48		68787		4.97924
111001001010011101		30		0.0208641		47		68791		5.02077
111001001010011101		29		0.0118674		46		68792		4.94331
111001001010011101		28		0.0061678		45		68792		5.01989
111001001010011101		27		0.00286798		44		68792		4.98973
111001001010011101		26		0.00116828		43		68792		4.98304
111001001010011101		25		0.000404961		42		68792		4.99289
111001001010011101		24		0.000114393		41		68792		4.99919
111001001010011101		23		2.53609e-05		40		68792		5.00476
111001001010011101		22		4.19921e-06		39		68792		4.95242
111001001010011101		21		4.63628e-07		38		68792		4.97487
111001001010011101		20		3.06718e-08		37		68792		5.00211
111001001010011101		19		8.50641e-10		36		68792		4.9904
111001001010011101		18		0		35		68792		4.99562
1111111000111		38		0.166031		50		68783		4.80433
1111111000111		37		0.130914		49		68786		4.84238
1111111000111		36		0.100713		48		68788		4.83545
1111111000111		35		0.0759134		47		68790		4.7703
1111111000111		34		0.0554086		46		68790		4.81602
1111111000111		33		0.0389649		45		68790		4.75494
1111111000111		32		0.0264505		44		68792		4.82829
1111111000111		31		0.0171162		43		68792		4.81724
1111111000111		30		0.0106256		42		68792		4.82989
1111111000111		29		0.00634976		41		68792		4.77615
1111111000111		28		0.00347662		40		68792		4.84004
1111111000111		27		0.00173284		39		68792		4.83178
1111111000111		26		0.000830745		38		68792		4.82592
1111111000111		25		0.000338078		37		68792		4.82274
1111111000111		24		0.000102087		36		68792		4.80713
1111111000111		23		2.94348e-05		35		68792		4.84717
1111111000111		22		7.16148e-06		34		68792		4.81417
1111111000111		21		5.76256e-07		33		68792		4.8163
1111111000111		20		2.41417e-08		32		68792		4.82746
1111111000111		19		1.06565e-09		31		68792		4.83368
1111111000111		18		0		30		68792		4.83429
1111111111		39		0.184205		48		68782		4.61976
1111111111		38		0.150144		47		68786		4.62466
1111111111		37		0.119639		46		68786		4.62433
1111111111		36		0.0934256		45		68788		4.62897
1111111111		35		0.0717772		44		68790		4.59848
1111111111		34		0.0543228		43		68792		4.59902
1111111111		33		0.0404106		42		68792		4.61129
1111111111		32		0.0294325		41		68792		4.59758
1111111111		31		0.0208714		40		68792		4.63797
1111111111		30		0.0143399		39		68792		4.60319
1111111111		29		0.00925913		38		68792		4.61118
1111111111		28		0.00581141		37		68792		4.61096
1111111111		27		0.00352645		36		68792		4.6311
1111111111		26		0.00206086		35		68792		4.66044
1111111111		25		0.0011547		34		68792		4.62392
1111111111		24		0.000612404		33		68792		4.61956
1111111111		23		0.000298932		32		68792		4.63914
1111111111		22		0.000127205		31		68792		4.64136
1111111111		21		4.11704e-05		30		68792		4.59564
1111111111		20		0		29		68792		4.64651
