shape		t		lossrate		minCoverage	PM		runtime

1111011010001110011011		49		0.18045		70		52619		7.2176
1111011010001110011011		48		0.133818		69		53230		7.23015
1111011010001110011011		47		0.111919		68		53621		7.24027
1111011010001110011011		46		0.0784114		67		54126		7.25358
1111011010001110011011		45		0.0555807		66		54520		7.26217
1111011010001110011011		44		0.0419945		65		54783		7.25376
1111011010001110011011		43		0.0339662		64		54995		7.26443
1111011010001110011011		42		0		63		55410		7.26896
11101110110001110110001		49		0.197975		71		52525		7.31631
11101110110001110110001		48		0.168705		70		52996		7.25506
11101110110001110110001		47		0.123076		69		53561		7.20018
11101110110001110110001		46		0.106181		68		53910		7.27942
11101110110001110110001		45		0.0846462		67		54260		7.29854
11101110110001110110001		44		0.0586605		66		54677		7.60749
11101110110001110110001		43		0.0464122		65		54897		7.42397
11101110110001110110001		42		0.0289087		64		55162		7.81306
11101110110001110110001		41		0		63		55529		7.44894
