shape		t		lossrate		minCoverage	PM		runtime

1111011010001110011011		2		0.194969		16		58332		6.60444
1111011010001110011011		1		0.125141		14		68832		6.61143
11101110110001110110001		1		0.156639		14		68035		6.58753
1111111111100000111		4		0.195698		20		58704		6.30903
1111111111100000111		3		0.141882		18		58952		6.31172
1111111111100000111		2		0.0966336		16		59719		6.32099
1111111111100000111		1		0.0633554		14		69695		6.33663
11111111111111		6		0.159197		19		58967		6.34073
11111111111111		5		0.118123		18		59173		6.37076
11111111111111		4		0.0828214		17		59415		6.32441
11111111111111		3		0.054094		16		59997		6.34475
11111111111111		2		0.0316685		15		62045		6.32997
11111111111111		1		0.0156788		14		70313		6.35768
110101111001100010111		2		0.14855		15		58837		2.84807
110101111001100010111		1		0.0875659		13		99321		2.90062
11111111110000111		5		0.163157		21		58864		2.67753
11111111110000111		4		0.103303		19		59121		2.67829
11111111110000111		3		0.0708542		17		59384		2.68413
11111111110000111		2		0.0447004		15		62009		2.68259
11111111110000111		1		0.024771		13		103894		2.72757
1111111111111		8		0.183373		20		58892		2.7021
1111111111111		7		0.139024		19		59088		2.7042
1111111111111		6		0.100186		18		59252		2.70643
1111111111111		5		0.0679911		17		59480		2.70846
1111111111111		4		0.0427782		16		60024		2.70937
1111111111111		3		0.0249883		15		62052		2.7132
1111111111111		2		0.0129364		14		70316		2.724
1111111111111		1		0.00530505		13		101974		2.75642
1110100111010011101		4		0.179674		18		58812		1.98321
1110100111010011101		3		0.116014		16		59081		1.98761
1110100111010011101		2		0.0708997		14		59811		1.9861
1110100111010011101		1		0.0395169		12		235680		2.18539
11111111100111		8		0.176167		21		58880		1.85732
11111111100111		7		0.130415		20		59062		1.8602
11111111100111		6		0.0907672		19		59215		1.86078
11111111100111		5		0.0589411		18		59359		1.86247
11111111100111		4		0.0331914		17		59554		1.86293
11111111100111		3		0.017311		16		60152		1.8632
11111111100111		2		0.00573212		14		71813		1.87671
11111111100111		1		0.00212531		12		260765		2.08779
111111111111		9		0.155625		20		59060		1.85284
111111111111		8		0.111704		19		59219		1.86281
111111111111		7		0.0754722		18		59328		1.86983
111111111111		6		0.0490829		17		59510		1.85981
111111111111		5		0.0302805		16		60043		1.87023
111111111111		4		0.0173149		15		62066		1.86698
111111111111		3		0.00879339		14		70325		1.87488
111111111111		2		0.00367348		13		101981		1.90905
111111111111		1		0.00102045		12		232790		2.05333
11111101110101		9		0.187488		22		58845		1.90775
11111101110101		8		0.140937		21		59033		1.90901
11111101110101		7		0.101131		20		59176		1.91294
11111101110101		6		0.0678585		19		59318		1.9112
11111101110101		5		0.0418582		18		59459		1.91229
11111101110101		4		0.0234791		17		59773		1.9131
11111101110101		3		0.0112704		15		61201		1.91503
11111101110101		2		0.00440181		13		74855		1.93319
11111101110101		1		0.00122886		11		893421		2.88049
1111111001111		10		0.197082		22		58813		1.73488
1111111001111		9		0.147395		21		59007		1.73679
1111111001111		8		0.104824		20		59175		1.73849
1111111001111		7		0.0696119		19		59287		1.74064
1111111001111		6		0.0425132		18		59376		1.74145
1111111001111		5		0.0235599		17		59560		1.74201
1111111001111		4		0.010876		16		60102		1.74361
1111111001111		3		0.00461569		15		62190		1.74302
1111111001111		2		0.00117733		13		110795		1.80824
1111111001111		1		0.000363781		11		883162		2.70455
11111111111		11		0.164031		21		59075		1.71397
11111111111		10		0.113577		20		59186		1.716
11111111111		9		0.0770519		19		59277		1.71871
11111111111		8		0.0504482		18		59363		1.71673
11111111111		7		0.0314392		17		59536		1.71687
11111111111		6		0.0182843		16		60065		1.7233
11111111111		5		0.00959066		15		62083		1.72173
11111111111		4		0.00428791		14		70348		1.73169
11111111111		3		0.00146662		13		101993		1.7753
11111111111		2		0.000298052		12		232812		1.92397
11111111111		1		1.7855e-05		11		768877		2.51882
111001001010011101		5		0.152811		18		58942		2.13028
111001001010011101		4		0.101336		16		59106		2.13162
111001001010011101		3		0.0653634		14		59299		2.13224
111001001010011101		2		0.0413322		12		63307		2.14123
111001001010011101		1		0.0256622		10		3000472		5.53389
1111111000111		10		0.153495		22		58950		2.08575
1111111000111		9		0.109835		21		59099		2.08571
1111111000111		8		0.0741654		20		59234		2.08876
1111111000111		7		0.0477756		19		59325		2.09042
1111111000111		6		0.0280761		18		59421		2.09096
1111111000111		5		0.0152563		17		59610		2.08993
1111111000111		4		0.00733585		16		60275		2.09285
1111111000111		3		0.00275301		14		72486		2.10978
1111111000111		2		0.0011343		12		261665		2.36457
1111111000111		1		0.000363781		10		3356935		6.00164
1111111111		13		0.158221		22		59051		2.05504
1111111111		12		0.108751		21		59149		2.0513
1111111111		11		0.0730742		20		59250		2.0515
1111111111		10		0.0471276		19		59326		2.05773
1111111111		9		0.0286762		18		59396		2.05071
1111111111		8		0.016039		17		59567		2.05153
1111111111		7		0.00780304		16		60086		2.05384
1111111111		6		0.00294203		15		62111		2.05525
1111111111		5		0.000614184		14		70371		2.06888
1111111111		4		0		13		102071		2.11219
111001001010001011		6		0.189602		19		58798		3.33307
111001001010001011		5		0.128766		17		58997		3.32774
111001001010001011		4		0.0839098		15		59129		3.33187
111001001010001011		3		0.0568895		13		59462		3.33609
111001001010001011		2		0.0390422		11		86793		3.37908
111001001010001011		1		0.0247548		9		11805881		16.719
111111100011		12		0.159624		23		58958		3.53742
111111100011		11		0.113778		22		59106		3.53951
111111100011		10		0.0777991		21		59216		3.53819
111111100011		9		0.0503797		20		59305		3.53864
111111100011		8		0.0307966		19		59382		3.5383
111111100011		7		0.0169257		18		59468		3.53968
111111100011		6		0.0086814		17		59728		3.54721
111111100011		5		0.00434387		16		60699		3.54407
111111100011		4		0.00191028		15		64675		3.55076
111111100011		3		0.000660899		13		119078		3.6336
111111100011		2		0.000211914		11		913185		4.70867
111111100011		1		4.79223e-05		9		13649544		19.408
111111111		15		0.144789		23		59032		3.4001
111111111		14		0.09763		22		59138		3.39898
111111111		13		0.0637389		21		59228		3.40109
111111111		12		0.0392804		20		59300		3.40224
111111111		11		0.0221119		19		59364		3.40487
111111111		10		0.0103254		18		59435		3.40282
111111111		9		0.00288661		17		59586		3.40146
111111111		8		0		16		60118		3.40766
