shape		t		lossrate		minCoverage	PM		runtime

1111011010001110011011		17		0.181022		38		54990		5.37445
1111011010001110011011		16		0.134951		37		55247		5.37884
1111011010001110011011		15		0.0844848		36		55549		5.38014
1111011010001110011011		14		0.0507562		35		55748		5.38158
1111011010001110011011		13		0.0265382		34		55943		5.37923
1111011010001110011011		12		0.0139712		33		56049		5.37861
1111011010001110011011		11		0.00444242		32		56129		5.38136
1111011010001110011011		10		0.00139968		31		56165		5.38341
1111011010001110011011		9		0.000343226		30		56192		5.40748
1111011010001110011011		8		0		28		56202		5.42045
11101110110001110110001		17		0.184018		39		54996		5.3785
11101110110001110110001		16		0.140527		38		55227		5.37983
11101110110001110110001		15		0.104788		37		55447		5.37955
11101110110001110110001		14		0.0737592		36		55659		5.38389
11101110110001110110001		13		0.0440397		35		55812		5.38668
11101110110001110110001		12		0.0255641		34		55982		5.38676
11101110110001110110001		11		0.0139764		33		56071		5.39841
11101110110001110110001		10		0.00502794		32		56142		5.39648
11101110110001110110001		9		0.00195838		30		56174		5.56852
11101110110001110110001		8		0		28		56195		5.43879
1111111111100000111		19		0.144343		37		55188		5.2533
1111111111100000111		18		0.118054		36		55369		5.24833
1111111111100000111		17		0.0971267		35		55516		5.22475
1111111111100000111		16		0.0764254		34		55657		5.27226
1111111111100000111		15		0.0581547		33		55767		5.17806
1111111111100000111		14		0.0343768		32		55910		5.22746
1111111111100000111		13		0.0227295		31		56001		5.20847
1111111111100000111		12		0.0128851		30		56076		5.31776
1111111111100000111		11		0.00129319		29		56169		5.24345
1111111111100000111		10		0		28		56193		5.30534
11111111111111		21		0.177299		34		55027		5.27865
11111111111111		20		0.143978		33		55214		5.28204
11111111111111		19		0.115691		32		55395		5.24759
11111111111111		18		0.0909475		31		55565		5.24816
11111111111111		17		0.069833		30		55712		5.35976
11111111111111		16		0.0526716		29		55814		5.78722
11111111111111		15		0.0384067		28		55904		5.81789
11111111111111		14		0.02649		27		55977		5.93985
11111111111111		13		0		26		56128		5.94522
110101111001100010111		18		0.149761		38		55150		2.95554
110101111001100010111		17		0.0979878		37		55425		2.95762
110101111001100010111		16		0.0712801		36		55630		2.94897
110101111001100010111		15		0.043953		35		55829		2.95191
110101111001100010111		14		0.018379		34		56004		2.95636
110101111001100010111		13		0.00429233		33		56116		2.95282
110101111001100010111		12		0.00196234		32		56149		2.95948
110101111001100010111		11		0		31		56180		2.9573
11111111110000111		22		0.183798		38		54939		2.76874
11111111110000111		21		0.150442		37		55171		2.75306
11111111110000111		20		0.125345		36		55333		2.76788
11111111110000111		19		0.100317		35		55506		2.76192
11111111110000111		18		0.0682117		34		55673		2.76754
11111111110000111		17		0.0510437		33		55793		2.76691
11111111110000111		16		0.0367264		32		55898		2.78748
11111111110000111		15		0.0132468		31		56050		2.78082
11111111110000111		14		0.00729028		30		56112		2.73539
11111111110000111		13		0.00323689		29		56155		2.77704
11111111110000111		12		0		28		56184		2.77162
1111111111111		23		0.187634		35		54963		2.80905
1111111111111		22		0.15219		34		55157		2.7853
1111111111111		21		0.12199		33		55338		2.78843
1111111111111		20		0.0954491		32		55524		2.8064
1111111111111		19		0.0729454		31		55688		2.80781
1111111111111		18		0.0546552		30		55802		2.77703
1111111111111		17		0.0393425		29		55889		2.83722
1111111111111		16		0		28		56103		2.82768
1110100111010011101		21		0.197342		39		54920		2.2745
1110100111010011101		20		0.130681		38		55261		2.28655
1110100111010011101		19		0.0949627		37		55484		2.27861
1110100111010011101		18		0.0637064		36		55680		2.26831
1110100111010011101		17		0.0377871		35		55844		2.26407
1110100111010011101		16		0.0143706		34		56012		2.25522
1110100111010011101		15		0.00562855		33		56105		2.26956
1110100111010011101		14		0.000405057		32		56154		2.26787
1110100111010011101		13		0		31		56179		2.27615
11111111100111		24		0.169985		37		55041		2.08754
11111111100111		23		0.137704		36		55239		2.09259
11111111100111		22		0.109725		35		55419		2.08973
11111111100111		21		0.0857378		34		55589		2.08874
11111111100111		20		0.0526716		33		55777		2.1105
11111111100111		19		0.0384067		32		55882		2.07978
11111111100111		18		0.02649		31		55961		2.08535
11111111100111		17		0		30		56123		2.09198
111111111111		25		0.197524		36		54901		2.2986
111111111111		24		0.159555		35		55111		2.24561
111111111111		23		0.127488		34		55291		2.27577
111111111111		22		0.0991744		33		55491		2.27105
111111111111		21		0.0751215		32		55664		2.03862
111111111111		20		0.0556786		31		55794		2.02918
111111111111		19		0		30		56075		2.04633
11111101110101		25		0.158398		38		55115		2.55449
11111101110101		24		0.118898		37		55341		2.55066
11111101110101		23		0.0892371		36		55549		2.73594
11111101110101		22		0.0690275		35		55687		2.58971
11111101110101		21		0.0454187		34		55831		2.56758
11111101110101		20		0.02649		33		55950		2.7311
11111101110101		19		0		32		56115		2.61884
1111111001111		26		0.1897		38		54894		2.26239
1111111001111		25		0.141689		37		55187		2.25554
1111111001111		24		0.0954491		36		55452		2.28376
1111111001111		23		0.0729454		35		55633		2.2944
1111111001111		22		0.0546552		34		55764		2.2482
1111111001111		21		0.0393425		33		55865		2.29423
1111111001111		20		0		32		56095		2.62464
11111111111		26		0.166187		36		55066		2.16785
11111111111		25		0.131982		35		55255		2.0958
11111111111		24		0.10192		34		55463		2.09423
11111111111		23		0.0763256		33		55651		2.0965
11111111111		22		0		32		56044		2.10004
111001001010011101		23		0.128945		40		55228		2.92548
111001001010011101		22		0.0864329		39		55491		3.07225
111001001010011101		21		0.0424807		38		55785		2.85707
111001001010011101		20		0.0171261		37		55959		3.02004
111001001010011101		19		0.00590394		36		56051		2.85399
111001001010011101		18		0.000649871		35		56126		3.07528
111001001010011101		17		0		34		56175		2.84987
1111111000111		27		0.178379		39		54973		2.60281
1111111000111		26		0.124364		38		55301		2.60211
1111111000111		25		0.0729454		37		55607		2.6006
1111111000111		24		0.0546552		36		55741		2.59953
1111111000111		23		0.0393425		35		55859		2.58839
1111111000111		22		0		34		56089		2.5832
1111111111		28		0.171822		37		55023		2.44919
1111111111		27		0.135409		36		55219		2.44183
1111111111		26		0.103456		35		55443		2.43838
1111111111		25		0		34		55993		2.44747
