shape		t		lossrate		minCoverage	PM		runtime

1111011010001110011011		21		0.159256		42		59007		6.32672
1111011010001110011011		20		0.120666		41		59126		6.37562
1111011010001110011011		19		0.0865222		40		59206		7.2118
1111011010001110011011		18		0.0567414		39		59263		7.88341
1111011010001110011011		17		0.0337925		38		59310		6.92786
1111011010001110011011		16		0.0188358		37		59345		8.13135
1111011010001110011011		15		0.0101112		36		59369		7.78017
1111011010001110011011		14		0.00450712		35		59382		7.96465
1111011010001110011011		13		0.00144936		34		59393		7.8786
1111011010001110011011		12		0.000338394		33		59394		7.93133
1111011010001110011011		11		5.51762e-05		32		59399		8.154
1111011010001110011011		10		0		31		59400		7.86617
11101110110001110110001		21		0.163539		43		58918		6.23848
11101110110001110110001		20		0.128838		42		59070		6.24759
11101110110001110110001		19		0.0968195		41		59175		6.24775
11101110110001110110001		18		0.068901		40		59253		6.25426
11101110110001110110001		17		0.0465036		39		59299		6.26577
11101110110001110110001		16		0.0298451		38		59331		6.24985
11101110110001110110001		15		0.0181129		37		59354		6.26137
11101110110001110110001		14		0.0100075		36		59371		6.26509
11101110110001110110001		13		0.00521306		35		59385		6.27379
11101110110001110110001		12		0.00228987		34		59393		6.27591
11101110110001110110001		11		0.000787902		33		59395		6.27635
11101110110001110110001		10		0.00017065		32		59396		6.28351
11101110110001110110001		9		2.51153e-05		30		59398		6.27358
11101110110001110110001		8		6.24924e-06		28		59398		6.26739
11101110110001110110001		7		0		26		59400		6.27769
1111111111100000111		23		0.170944		41		58957		6.09676
1111111111100000111		22		0.136576		40		59057		6.0873
1111111111100000111		21		0.105949		39		59148		6.05821
1111111111100000111		20		0.0725872		38		59262		6.07077
1111111111100000111		19		0.0537951		37		59292		6.08932
1111111111100000111		18		0.0390971		36		59317		6.08403
1111111111100000111		17		0.0274104		35		59336		6.11644
1111111111100000111		16		0.0192833		34		59358		6.14207
1111111111100000111		15		0.011224		33		59374		6.12391
1111111111100000111		14		0.00636245		32		59378		6.07756
1111111111100000111		13		0.0028207		31		59388		6.09965
1111111111100000111		12		0.000407122		30		59396		6.08558
1111111111100000111		11		5.92089e-05		29		59396		6.05477
1111111111100000111		10		0		28		59397		6.01106
11111111111111		24		0.165117		37		59127		6.14405
11111111111111		23		0.129767		36		59188		6.0911
11111111111111		22		0.100015		35		59223		6.09068
11111111111111		21		0.0758727		34		59262		6.12486
11111111111111		20		0.0574334		33		59287		6.11452
11111111111111		19		0.0431951		32		59319		6.11317
11111111111111		18		0.0318667		31		59331		6.06974
11111111111111		17		0.022987		30		59347		6.05486
11111111111111		16		0.0161493		29		59360		6.06419
11111111111111		15		0.0108998		28		59371		6.09957
11111111111111		14		0.00689515		27		59376		6.08776
11111111111111		13		0.00397618		26		59386		6.10342
11111111111111		12		0.00196911		25		59394		6.06594
11111111111111		11		0		24		59398		6.12549
110101111001100010111		23		0.168866		43		58997		3.62416
110101111001100010111		22		0.125658		42		59128		3.63891
110101111001100010111		21		0.0885905		41		59198		3.62589
110101111001100010111		20		0.0591483		40		59256		3.63301
110101111001100010111		19		0.0371487		39		59306		3.62221
110101111001100010111		18		0.0218056		38		59346		3.63873
110101111001100010111		17		0.0117318		37		59364		3.63109
110101111001100010111		16		0.00537807		36		59379		3.63142
110101111001100010111		15		0.00190507		35		59387		3.62864
110101111001100010111		14		0.000321185		34		59396		3.63546
110101111001100010111		13		7.0026e-05		33		59396		3.63403
110101111001100010111		12		0		32		59400		3.63352
11111111110000111		25		0.163575		41		58944		3.40557
11111111110000111		24		0.120412		40		59186		3.41454
11111111110000111		23		0.0910449		39		59234		3.40969
11111111110000111		22		0.0674704		38		59270		3.3967
11111111110000111		21		0.0466803		37		59306		3.41594
11111111110000111		20		0.0319574		36		59333		3.39451
11111111110000111		19		0.0230694		35		59346		3.40498
11111111110000111		18		0.0152234		34		59361		3.42121
11111111110000111		17		0.00681091		33		59383		3.39263
11111111110000111		16		0.0037431		32		59389		3.41141
11111111110000111		15		0.00162416		31		59394		3.41127
11111111110000111		14		0.000161825		30		59397		3.41778
11111111110000111		13		2.31614e-05		29		59397		3.41869
11111111110000111		12		0		28		59400		3.39546
1111111111111		27		0.196734		39		59057		3.40363
1111111111111		26		0.155499		38		59141		3.4077
1111111111111		25		0.121347		37		59191		3.4063
1111111111111		24		0.092825		36		59239		3.40765
1111111111111		23		0.0698021		35		59267		3.40574
1111111111111		22		0.0521384		34		59307		3.40708
1111111111111		21		0.0385099		33		59321		3.39564
1111111111111		20		0.0277744		32		59342		3.41738
1111111111111		19		0.0194428		31		59350		3.41423
1111111111111		18		0.0130163		30		59362		3.42155
1111111111111		17		0.0081022		29		59371		3.42367
1111111111111		16		0.00448305		28		59384		3.41524
1111111111111		15		0		27		59394		3.42527
1110100111010011101		26		0.191054		44		58933		2.98367
1110100111010011101		25		0.145994		43		59062		2.98966
1110100111010011101		24		0.10682		42		59185		2.98044
1110100111010011101		23		0.0756552		41		59241		2.97701
1110100111010011101		22		0.0504587		40		59280		2.96264
1110100111010011101		21		0.0318999		39		59326		2.96836
1110100111010011101		20		0.0186297		38		59344		2.97091
1110100111010011101		19		0.00968428		37		59369		2.97501
1110100111010011101		18		0.00357936		36		59387		2.97648
1110100111010011101		17		0.000927002		35		59392		2.95437
1110100111010011101		16		2.96403e-05		34		59397		2.94769
1110100111010011101		15		0		33		59399		2.96225
11111111100111		28		0.171993		41		59098		2.67094
11111111100111		27		0.129094		40		59171		2.66838
11111111100111		26		0.0906585		39		59223		2.6796
11111111100111		25		0.0672886		38		59270		2.67157
11111111100111		24		0.0450997		37		59307		2.66765
11111111100111		23		0.0318731		36		59330		2.67752
11111111100111		22		0.0222875		35		59341		2.67779
11111111100111		21		0.0149017		34		59358		2.65783
11111111100111		20		0.00689515		33		59368		2.67829
11111111100111		19		0.00397618		32		59385		2.66974
11111111100111		18		0.00196911		31		59394		2.67201
11111111100111		17		0		30		59397		2.67324
111111111111		29		0.182772		40		59083		2.60136
111111111111		28		0.143034		39		59147		2.59313
111111111111		27		0.110519		38		59201		2.57775
111111111111		26		0.0836037		37		59246		2.58156
111111111111		25		0.0618561		36		59294		2.60298
111111111111		24		0.0451927		35		59314		2.62077
111111111111		23		0.0324286		34		59335		2.64031
111111111111		22		0.0224921		33		59345		2.61629
111111111111		21		0.0147758		32		59359		2.61971
111111111111		20		0.00885127		31		59367		2.62155
111111111111		19		0		30		59389		2.61455
11111101110101		30		0.168822		43		59094		2.93426
11111101110101		29		0.125728		42		59171		2.94707
11111101110101		28		0.0927603		41		59227		2.94277
11111101110101		27		0.064083		40		59274		2.94096
11111101110101		26		0.0433703		39		59316		2.94689
11111101110101		25		0.0282885		38		59335		2.94359
11111101110101		24		0.0179496		37		59349		2.94461
11111101110101		23		0.0113516		36		59361		2.9378
11111101110101		22		0.00548464		35		59378		2.95095
11111101110101		21		0.00196911		34		59392		2.94649
11111101110101		20		0		33		59396		2.92937
1111111001111		30		0.157561		42		59115		2.68089
1111111001111		29		0.120123		41		59179		2.67673
1111111001111		28		0.0785955		40		59247		2.68268
1111111001111		27		0.0567144		39		59289		2.67381
1111111001111		26		0.0348415		38		59323		2.68337
1111111001111		25		0.0194428		37		59341		2.67717
1111111001111		24		0.0130163		36		59356		2.65776
1111111001111		23		0.0081022		35		59360		2.65598
1111111001111		22		0.00448305		34		59379		2.66303
1111111001111		21		0		33		59392		2.66483
11111111111		31		0.165567		41		59102		2.58685
11111111111		30		0.127909		40		59168		2.58173
11111111111		29		0.0973066		39		59215		2.58097
11111111111		28		0.0720733		38		59278		2.57913
11111111111		27		0.0519055		37		59301		2.58407
11111111111		26		0.0365864		36		59330		2.58555
11111111111		25		0.0249302		35		59342		2.58455
11111111111		24		0.0158515		34		59355		2.59377
11111111111		23		0		33		59387		2.58876
111001001010011101		29		0.154332		46		59111		3.59931
111001001010011101		28		0.105854		45		59187		3.60588
111001001010011101		27		0.0683688		44		59248		3.60054
111001001010011101		26		0.0393085		43		59301		3.60605
111001001010011101		25		0.0211586		42		59340		3.60655
111001001010011101		24		0.0104747		41		59365		3.59913
111001001010011101		23		0.00314415		40		59382		3.59974
111001001010011101		22		0.00074962		39		59387		3.59787
111001001010011101		21		6.4043e-05		38		59397		3.60787
111001001010011101		20		0		37		59398		3.60285
1111111000111		32		0.156928		44		59105		3.54106
1111111000111		31		0.101737		43		59207		3.54729
1111111000111		30		0.0727739		42		59251		3.53053
1111111000111		29		0.0550263		41		59293		3.53539
1111111000111		28		0.0295499		40		59327		3.53599
1111111000111		27		0.0130163		39		59352		3.52895
1111111000111		26		0.0081022		38		59358		3.53566
1111111000111		25		0.00448305		37		59374		3.5431
1111111000111		24		0		36		59392		3.54896
1111111111		34		0.188877		43		59063		3.40947
1111111111		33		0.145278		42		59134		3.42103
1111111111		32		0.110135		41		59192		3.41852
1111111111		31		0.0814914		40		59253		3.40881
1111111111		30		0.0581983		39		59288		3.40404
1111111111		29		0.0400251		38		59323		3.4023
1111111111		28		0.0263595		37		59340		3.409
1111111111		27		0		36		59379		3.41733
