shape		t		lossrate		minCoverage		PM		runtime

1111111111		33		0.155926		42		58356		3.30081
1111111111		32		0.117861		41		58579		3.30807
1111111111		31		0.0856797		40		58773		3.30972
1111111111		30		0.0557616		39		58968		3.31404
1111111111		29		0.0231367		38		59124		3.31557
1111111111		28		0		37		59253		3.31701
1111111111		33		0.155926		42		58356		3.29696
1111111111		32		0.117861		41		58579		3.29986
1111111111		31		0.0856797		40		58773		3.30477
1111111111		30		0.0557616		39		58968		3.30761
1111111111		29		0.0231367		38		59124		3.30958
1111111111		28		0		37		59253		3.30792
11111110111		32		0.160798		42		58345		3.72742
11111110111		31		0.123377		41		58558		3.72979
11111110111		30		0.0891965		40		58750		3.73402
11111110111		29		0.0631742		39		58918		3.73761
11111110111		28		0.0438836		38		59081		3.73804
11111110111		27		0.01924		37		59224		3.74163
11111110111		26		0.00397962		36		59319		3.74674
11111110111		25		0.000287877		35		59383		3.74325
11111110111		24		0		34		59440		3.74344
11111111011		32		0.163251		42		58336		3.50552
11111111011		31		0.125415		41		58554		3.50987
11111111011		30		0.0939865		40		58744		3.51327
11111111011		29		0.0656103		39		58919		3.51571
11111111011		28		0.0441971		38		59093		3.5195
11111111011		27		0.01924		37		59232		3.52131
11111111011		26		0.00397962		36		59324		3.52091
11111111011		25		0.000287877		35		59386		3.52429
11111111011		24		0		34		59441		3.52442
111111100111		31		0.176577		42		58342		3.49012
111111100111		30		0.133324		41		58542		3.49635
111111100111		29		0.0974876		40		58731		3.49949
111111100111		28		0.07118		39		58900		3.50309
111111100111		27		0.0496488		38		59029		3.50687
111111100111		26		0.0325031		37		59189		3.51106
111111100111		25		0.0190875		36		59287		3.51186
111111100111		24		0.00902742		35		59359		3.5105
111111100111		23		0.00351403		34		59429		3.57504
111111100111		22		0.000863769		33		59482		3.51367
111111100111		21		0.000174228		32		59526		3.51243
111111100111		20		0		31		59573		3.51233
111111110011		31		0.175112		42		58347		3.48486
111111110011		30		0.133811		41		58555		3.48882
111111110011		29		0.102671		40		58733		3.49117
111111110011		28		0.0751174		39		58906		3.49693
111111110011		27		0.0530527		38		59042		3.49673
111111110011		26		0.033639		37		59202		3.49926
111111110011		25		0.0195634		36		59299		3.49972
111111110011		24		0.00902742		35		59365		3.50066
111111110011		23		0.00351403		34		59434		3.5022
111111110011		22		0.000863769		33		59483		3.50308
111111110011		21		0.000174228		32		59528		3.53237
111111110011		20		0		31		59578		3.54963
11111111111		31		0.182139		41		58261		2.74535
11111111111		30		0.141752		40		58492		2.74655
11111111111		29		0.107632		39		58684		2.75058
11111111111		28		0.0794265		38		58859		2.75473
11111111111		27		0.0565412		37		59019		2.75928
11111111111		26		0.0359305		36		59170		2.75811
11111111111		25		0.0144292		35		59283		2.76183
11111111111		24		0		34		59393		2.7645
11111111111		31		0.182139		41		58261		2.78522
11111111111		30		0.141752		40		58492		2.77557
11111111111		29		0.107632		39		58684		2.75205
11111111111		28		0.0794265		38		58859		2.75435
11111111111		27		0.0565412		37		59019		2.75768
11111111111		26		0.0359305		36		59170		2.75643
11111111111		25		0.0144292		35		59283		2.76091
11111111111		24		0		34		59393		2.76216
111111110111		30		0.185675		41		58278		2.79922
111111110111		29		0.144199		40		58489		2.80806
111111110111		28		0.11097		39		58693		2.81286
111111110111		27		0.0837331		38		58856		2.81536
111111110111		26		0.0594961		37		59006		2.81712
111111110111		25		0.0410173		36		59150		2.81775
111111110111		24		0.0273755		35		59264		2.86231
111111110111		23		0.0117323		34		59378		2.86284
111111110111		22		0.00240772		33		59436		2.86413
111111110111		21		0.000174228		32		59488		2.81405
111111110111		20		0		31		59542		2.8167
111111111011		30		0.186271		41		58277		2.80531
111111111011		29		0.146453		40		58486		2.80837
111111111011		28		0.112938		39		58692		2.81281
111111111011		27		0.0852918		38		58864		2.81203
111111111011		26		0.0628655		37		58999		2.82454
111111111011		25		0.0427532		36		59153		2.82654
111111111011		24		0.0276054		35		59270		2.82681
111111111011		23		0.0117323		34		59383		2.82173
111111111011		22		0.00240772		33		59443		2.82422
111111111011		21		0.000174228		32		59495		2.82412
111111111011		20		0		31		59541		2.82612
1111111100111		28		0.156042		40		58502		2.77658
1111111100111		27		0.11836		39		58683		2.77917
1111111100111		26		0.0887661		38		58845		2.7818
1111111100111		25		0.0654998		37		59004		2.78362
1111111100111		24		0.0467249		36		59129		2.78606
1111111100111		23		0.0315681		35		59247		2.78716
1111111100111		22		0.020049		34		59345		2.78959
1111111100111		21		0.0114025		33		59414		2.79173
1111111100111		20		0.00530843		32		59482		2.79164
1111111100111		19		0.0020141		31		59543		2.7916
1111111100111		18		0.000494763		30		59582		2.79289
1111111100111		17		9.52894e-05		29		59620		2.79506
1111111100111		16		0		28		59660		2.79498
1111111110011		29		0.199217		41		58267		3.28896
1111111110011		28		0.155205		40		58513		3.29368
1111111110011		27		0.119343		39		58691		3.29536
1111111110011		26		0.0917939		38		58857		3.29796
1111111110011		25		0.069214		37		58990		3.30197
1111111110011		24		0.0495648		36		59128		3.31353
1111111110011		23		0.033952		35		59255		3.31696
1111111110011		22		0.0208711		34		59353		3.32591
1111111110011		21		0.011736		33		59422		3.38218
1111111110011		20		0.00530843		32		59489		3.52714
1111111110011		19		0.0020141		31		59544		3.85463
1111111110011		18		0.000494763		30		59586		3.85521
1111111110011		17		9.52894e-05		29		59622		3.8532
1111111110011		16		0		28		59664		3.85748
111111111111		28		0.162068		39		58437		3.09074
111111111111		27		0.125964		38		58631		3.04155
111111111111		26		0.0958343		37		58824		3.03955
111111111111		25		0.0714674		36		58957		3.04086
111111111111		24		0.0518644		35		59096		3.10786
111111111111		23		0.0359267		34		59242		3.11062
111111111111		22		0.0219074		33		59347		3.1012
111111111111		21		0.00838316		32		59429		3.03337
111111111111		20		0		31		59509		3.03661
111111111111		28		0.162068		39		58437		3.29327
111111111111		27		0.125964		38		58631		3.28359
111111111111		26		0.0958343		37		58824		3.29323
111111111111		25		0.0714674		36		58957		3.29477
111111111111		24		0.0518644		35		59096		3.21411
111111111111		23		0.0359267		34		59242		3.22862
111111111111		22		0.0219074		33		59347		3.14461
111111111111		21		0.00838316		32		59429		3.17493
111111111111		20		0		31		59509		3.17847
1111111110111		27		0.163113		39		58460		2.86674
1111111110111		26		0.126719		38		58652		2.86933
1111111110111		25		0.097792		37		58832		2.87215
1111111110111		24		0.0741747		36		58966		2.87354
1111111110111		23		0.0548862		35		59096		2.87706
1111111110111		22		0.0378932		34		59235		2.87739
1111111110111		21		0.0250771		33		59337		2.87657
1111111110111		20		0.0158533		32		59417		2.8816
1111111110111		19		0.0065603		31		59500		2.96332
1111111110111		18		0.00132374		30		59545		2.91295
1111111110111		17		9.52894e-05		29		59593		2.89969
1111111110111		16		0		28		59640		2.94078
1111111111011		27		0.163913		39		58455		2.8666
1111111111011		26		0.128623		38		58649		2.8728
1111111111011		25		0.0994941		37		58829		2.87422
1111111111011		24		0.0756744		36		58966		2.87573
1111111111011		23		0.0560934		35		59098		2.87593
1111111111011		22		0.0402181		34		59227		2.88055
1111111111011		21		0.0262675		33		59335		2.88192
1111111111011		20		0.0160132		32		59419		2.88166
1111111111011		19		0.0065603		31		59503		2.88104
1111111111011		18		0.00132374		30		59552		2.88295
1111111111011		17		9.52894e-05		29		59595		2.88163
1111111111011		16		0		28		59637		2.88306
11111111100111		26		0.178569		39		58452		3.16285
11111111100111		25		0.135587		38		58654		3.2126
11111111100111		24		0.102991		37		58834		3.27304
11111111100111		23		0.0775664		36		58958		3.27479
11111111100111		22		0.0583464		35		59100		3.27497
11111111100111		21		0.0419912		34		59214		3.29809
11111111100111		20		0.0289721		33		59316		3.2714
11111111100111		19		0.018752		32		59403		3.27734
11111111100111		18		0.0114164		31		59485		3.32056
11111111100111		17		0.00621042		30		59540		3.28135
11111111100111		16		0.00281359		29		59588		3.29258
11111111100111		15		0.0010269		28		59639		3.10385
11111111100111		14		0.000249188		27		59677		3.145
11111111100111		13		4.47358e-05		26		59721		3.18562
11111111100111		12		0		25		59752		3.20037
11111111110011		26		0.173374		39		58472		3.04288
11111111110011		25		0.135081		38		58654		3.05662
11111111110011		24		0.104096		37		58833		3.1265
11111111110011		23		0.0804212		36		58966		3.12971
11111111110011		22		0.0606912		35		59097		3.13467
11111111110011		21		0.0446206		34		59212		3.14047
11111111110011		20		0.0309509		33		59320		3.14402
11111111110011		19		0.0203484		32		59402		3.15292
11111111110011		18		0.0119798		31		59487		3.13905
11111111110011		17		0.0064297		30		59543		3.14349
11111111110011		16		0.00281359		29		59596		3.13658
11111111110011		15		0.0010269		28		59638		3.131
11111111110011		14		0.000249188		27		59679		3.13669
11111111110011		13		4.47358e-05		26		59723		3.16498
11111111110011		12		0		25		59758		3.14454
1111111111111		26		0.178946		38		58416		3.95043
1111111111111		25		0.141023		37		58595		4.07176
1111111111111		24		0.109308		36		58794		4.09811
1111111111111		23		0.0835708		35		58929		4.04818
1111111111111		22		0.0627206		34		59081		4.04433
1111111111111		21		0.0458072		33		59205		4.07504
1111111111111		20		0.032228		32		59316		4.08757
1111111111111		19		0.0213787		31		59419		4.01563
1111111111111		18		0.0123144		30		59483		3.93678
1111111111111		17		0.00442463		29		59546		3.94092
1111111111111		16		0		28		59607		3.94744
1111111111111		26		0.178946		38		58416		3.67118
1111111111111		25		0.141023		37		58595		3.6775
1111111111111		24		0.109308		36		58794		3.67961
1111111111111		23		0.0835708		35		58929		3.68101
1111111111111		22		0.0627206		34		59081		3.67789
1111111111111		21		0.0458072		33		59205		3.6815
1111111111111		20		0.032228		32		59316		3.68358
1111111111111		19		0.0213787		31		59419		3.6856
1111111111111		18		0.0123144		30		59483		3.68994
1111111111111		17		0.00442463		29		59546		3.68638
1111111111111		16		0		28		59607		3.69046
11111111110111		25		0.182637		38		58439		3.71033
11111111110111		24		0.140416		37		58626		3.70982
11111111110111		23		0.109193		36		58818		3.71988
11111111110111		22		0.0844915		35		58948		3.73011
11111111110111		21		0.0640757		34		59084		3.73187
11111111110111		20		0.0474421		33		59202		3.73226
11111111110111		19		0.0340449		32		59309		3.73534
11111111110111		18		0.0225408		31		59406		3.73291
11111111110111		17		0.0140982		30		59488		3.73795
11111111110111		16		0.00829764		29		59533		3.7365
11111111110111		15		0.0032567		28		59603		3.73608
11111111110111		14		0.000635262		27		59654		3.73808
11111111110111		13		4.47358e-05		26		59703		3.74024
11111111110111		12		0		25		59740		3.74198
11111111111011		25		0.179351		38		58447		3.72491
11111111111011		24		0.141284		37		58624		3.72318
11111111111011		23		0.110857		36		58803		3.72883
11111111111011		22		0.0859158		35		58953		3.729
11111111111011		21		0.0653994		34		59085		3.73117
11111111111011		20		0.0486092		33		59200		3.7356
11111111111011		19		0.0349488		32		59310		3.73524
11111111111011		18		0.0240802		31		59403		3.73575
11111111111011		17		0.0148724		30		59486		3.74018
11111111111011		16		0.00840167		29		59541		3.74017
11111111111011		15		0.0032567		28		59609		3.73765
11111111111011		14		0.000635262		27		59651		3.7368
11111111111011		13		4.47358e-05		26		59703		3.74178
11111111111011		12		0		25		59741		3.74428
111111111100111		24		0.193677		38		58406		3.68724
111111111100111		23		0.151658		37		58631		3.69558
111111111100111		22		0.115369		36		58811		3.69896
111111111100111		21		0.0878573		35		58957		3.69955
111111111100111		20		0.0661212		34		59084		3.69987
111111111100111		19		0.0496149		33		59197		3.70315
111111111100111		18		0.036195		32		59289		3.70218
111111111100111		17		0.0251225		31		59404		3.69486
111111111100111		16		0.0165471		30		59482		3.69389
111111111100111		15		0.0101022		29		59542		3.69256
111111111100111		14		0.00578691		28		59595		3.69537
111111111100111		13		0.00294597		27		59646		3.69601
111111111100111		12		0.0012717		26		59707		3.71367
111111111100111		11		0.000434671		25		59742		3.71023
111111111100111		10		0.000101956		24		59785		3.70796
111111111100111		9		1.62255e-05		23		59822		3.73431
111111111100111		8		0		22		59859		3.73383
111111111110011		24		0.190849		38		58430		4.62264
111111111110011		23		0.148202		37		58645		4.60519
111111111110011		22		0.115373		36		58812		4.61505
111111111110011		21		0.0889638		35		58961		4.66752
111111111110011		20		0.068598		34		59093		4.6013
111111111110011		19		0.0518146		33		59195		4.53347
111111111110011		18		0.0379733		32		59292		4.54713
111111111110011		17		0.0269208		31		59403		4.64349
111111111110011		16		0.0178661		30		59483		4.67164
111111111110011		15		0.0111029		29		59543		4.62418
111111111110011		14		0.0061449		28		59607		4.36564
111111111110011		13		0.00307665		27		59652		4.08326
111111111110011		12		0.0012717		26		59706		4.09306
111111111110011		11		0.000434671		25		59743		4.12705
111111111110011		10		0.000101956		24		59788		4.13073
111111111110011		9		1.62255e-05		23		59822		4.20897
111111111110011		8		0		22		59864		4.17786
11111111111111		24		0.192454		37		58413		7.58245
11111111111111		23		0.153002		36		58578		7.89916
11111111111111		22		0.119931		35		58778		7.48849
11111111111111		21		0.0931134		34		58929		7.43897
11111111111111		20		0.0713114		33		59072		7.38234
11111111111111		19		0.0534872		32		59191		7.4345
11111111111111		18		0.0390837		31		59310		7.45242
11111111111111		17		0.0276099		30		59403		7.40464
11111111111111		16		0.0185834		29		59476		7.60441
11111111111111		15		0.0116022		28		59539		7.60449
11111111111111		14		0.00619058		27		59601		7.42745
11111111111111		13		0.00204421		26		59663		8.13911
11111111111111		12		0		25		59721		7.43715
11111111111111		24		0.192454		37		58413		7.1673
11111111111111		23		0.153002		36		58578		7.37785
11111111111111		22		0.119931		35		58778		7.32569
11111111111111		21		0.0931134		34		58929		7.37902
11111111111111		20		0.0713114		33		59072		7.46007
11111111111111		19		0.0534872		32		59191		7.36377
11111111111111		18		0.0390837		31		59310		7.38852
11111111111111		17		0.0276099		30		59403		7.33729
11111111111111		16		0.0185834		29		59476		7.28189
11111111111111		15		0.0116022		28		59539		7.33361
11111111111111		14		0.00619058		27		59601		7.35266
11111111111111		13		0.00204421		26		59663		7.30416
11111111111111		12		0		25		59721		7.37789
111111111110111		23		0.198501		37		58407		7.05186
111111111110111		22		0.154212		36		58615		7.02166
111111111110111		21		0.118663		35		58806		6.87658
111111111110111		20		0.0922668		34		58959		6.90614
111111111110111		19		0.0711749		33		59080		6.92463
111111111110111		18		0.0538225		32		59193		7.43067
111111111110111		17		0.0396695		31		59301		7.50056
111111111110111		16		0.0283718		30		59393		7.5038
111111111110111		15		0.0194516		29		59485		6.68223
111111111110111		14		0.0121123		28		59548		6.70802
111111111110111		13		0.00700517		27		59604		6.70973
111111111110111		12		0.00371604		26		59673		6.678
111111111110111		11		0.00133322		25		59724		6.64066
111111111110111		10		0.000243		24		59767		6.70263
111111111110111		9		1.62255e-05		23		59803		6.68317
111111111110111		8		0		22		59846		6.68222
111111111111011		23		0.195131		37		58419		6.64196
111111111111011		22		0.152008		36		58617		6.66618
111111111111011		21		0.119552		35		58804		6.66855
111111111111011		20		0.0937406		34		58963		6.66401
111111111111011		19		0.0724477		33		59078		6.67853
111111111111011		18		0.0549316		32		59198		6.67253
111111111111011		17		0.0406861		31		59303		6.66992
111111111111011		16		0.0292407		30		59390		6.6591
111111111111011		15		0.0201116		29		59484		6.66877
111111111111011		14		0.0130748		28		59552		6.67222
111111111111011		13		0.00746787		27		59607		6.67344
111111111111011		12		0.00377696		26		59678		6.69286
111111111111011		11		0.00133322		25		59724		6.67383
111111111111011		10		0.000243		24		59768		6.68965
111111111111011		9		1.62255e-05		23		59806		6.67894
111111111111011		8		0		22		59849		6.68339
1111111111100111		21		0.161815		36		58603		6.72418
1111111111100111		20		0.126216		35		58806		6.81336
1111111111100111		19		0.0960065		34		58950		6.85551
1111111111100111		18		0.0729002		33		59092		6.72704
1111111111100111		17		0.0547723		32		59195		6.71959
1111111111100111		16		0.04073		31		59299		6.71456
1111111111100111		15		0.0294689		30		59399		6.72541
1111111111100111		14		0.0205301		29		59480		6.69622
1111111111100111		13		0.0134958		28		59553		6.70556
1111111111100111		12		0.00829105		27		59605		6.67848
1111111111100111		11		0.00464576		26		59670		6.65624
1111111111100111		10		0.00241125		25		59724		6.65401
1111111111100111		9		0.00109959		24		59773		6.66204
1111111111100111		8		0.000430851		23		59812		6.66869
1111111111100111		7		0.000130344		22		59852		6.6662
1111111111100111		6		2.80245e-05		21		59884		6.68506
1111111111100111		5		3.44288e-06		20		59928		6.66868
1111111111100111		4		0		19		59970		6.67035
1111111111110011		22		0.199959		37		58422		7.02662
1111111111110011		21		0.160061		36		58617		6.80724
1111111111110011		20		0.124195		35		58817		6.83792
1111111111110011		19		0.0964577		34		58964		6.88379
1111111111110011		18		0.074168		33		59097		7.02642
1111111111110011		17		0.0568279		32		59204		7.05928
1111111111110011		16		0.0426192		31		59300		7.01246
1111111111110011		15		0.0311214		30		59397		7.07636
1111111111110011		14		0.0218443		29		59480		7.04173
1111111111110011		13		0.0146611		28		59554		6.83295
1111111111110011		12		0.00910577		27		59612		6.84214
1111111111110011		11		0.00519973		26		59675		6.84246
1111111111110011		10		0.00261109		25		59725		6.81978
1111111111110011		9		0.00116432		24		59776		6.87955
1111111111110011		8		0.000430851		23		59814		7.20516
1111111111110011		7		0.000130344		22		59856		7.26879
1111111111110011		6		2.80245e-05		21		59888		7.07528
1111111111110011		5		3.44288e-06		20		59939		7.08977
1111111111110011		4		0		19		59980		7.10412
