shape		t		lossrate		minCoverage		PM		runtime

1111111111		25		0.18318		34		68665		3.88368
1111111111		24		0.145222		33		68703		3.88121
1111111111		23		0.112365		32		68748		3.88471
1111111111		22		0.0848139		31		68781		3.883
1111111111		21		0.0624086		30		68823		3.88366
1111111111		20		0.0446679		29		68849		3.88498
1111111111		19		0.0309786		28		68883		3.8931
1111111111		18		0.0207144		27		68908		3.8858
1111111111		17		0.0132738		26		68933		3.88635
1111111111		16		0.00810613		25		68966		3.88752
1111111111		15		0.00470394		24		69004		3.88705
1111111111		14		0.0025953		23		69039		3.88582
1111111111		13		0.00135697		22		69079		3.89261
1111111111		12		0.000662921		21		69104		3.89247
1111111111		11		0.000296848		20		69148		3.89306
1111111111		10		0.000118254		19		69186		3.89278
1111111111		9		3.99629e-05		18		69300		3.89158
1111111111		8		1.05826e-05		17		69656		3.89537
1111111111		7		1.8964e-06		16		70756		3.90019
1111111111		6		1.64666e-07		15		75261		3.92036
1111111111		5		0		14		94181		4.01288
1111111111		25		0.18318		34		68665		3.83984
1111111111		24		0.145222		33		68703		3.83525
1111111111		23		0.112365		32		68748		3.83985
1111111111		22		0.0848139		31		68781		3.83486
1111111111		21		0.0624086		30		68823		3.84072
1111111111		20		0.0446679		29		68849		3.83946
1111111111		19		0.0309786		28		68883		3.84424
1111111111		18		0.0207144		27		68908		3.84424
1111111111		17		0.0132738		26		68933		3.84324
1111111111		16		0.00810613		25		68966		3.84631
1111111111		15		0.00470394		24		69004		3.84789
1111111111		14		0.0025953		23		69039		3.84781
1111111111		13		0.00135697		22		69079		3.84799
1111111111		12		0.000662921		21		69104		3.84683
1111111111		11		0.000296848		20		69148		3.84908
1111111111		10		0.000118254		19		69186		3.84905
1111111111		9		3.99629e-05		18		69300		3.84524
1111111111		8		1.05826e-05		17		69656		3.85049
1111111111		7		1.8964e-06		16		70756		3.85595
1111111111		6		1.64666e-07		15		75261		3.87948
1111111111		5		0		14		94181		3.96817
11111110111		24		0.196423		34		68661		4.0419
11111110111		23		0.15695		33		68698		5.11532
11111110111		22		0.122489		32		68750		5.11843
11111110111		21		0.0930989		31		68783		5.13715
11111110111		20		0.0687497		30		68819		4.99183
11111110111		19		0.0492205		29		68843		4.47914
11111110111		18		0.0340947		28		68884		4.06791
11111110111		17		0.0227843		27		68908		4.75303
11111110111		16		0.0146212		26		68939		4.19312
11111110111		15		0.00895986		25		68969		4.54705
11111110111		14		0.00521303		24		69008		5.91504
11111110111		13		0.00286054		23		69041		5.71547
11111110111		12		0.00146901		22		69082		5.91477
11111110111		11		0.000699745		21		69106		5.34682
11111110111		10		0.000305717		20		69152		4.05829
11111110111		9		0.000120704		19		69189		4.04413
11111110111		8		4.20843e-05		18		69311		4.04715
11111110111		7		1.25212e-05		17		69669		4.04967
11111110111		6		3.0511e-06		16		70795		4.05465
11111110111		5		5.81501e-07		15		75537		4.07862
11111110111		4		8.16794e-08		14		95176		4.17549
11111110111		3		7.74635e-09		13		171660		4.50013
11111110111		2		4.29909e-10		12		483411		5.96431
11111110111		1		1.02922e-11		10		7921521		28.8105
11111111011		24		0.195829		34		68662		4.6731
11111111011		23		0.1569		33		68707		4.67396
11111111011		22		0.122816		32		68755		4.6703
11111111011		21		0.0936698		31		68786		4.67265
11111111011		20		0.0694853		30		68819		4.67239
11111111011		19		0.0500841		29		68844		4.6721
11111111011		18		0.0350178		28		68883		4.674
11111111011		17		0.0236612		27		68912		4.67486
11111111011		16		0.0153669		26		68941		4.67414
11111111011		15		0.0095379		25		68969		4.67678
11111111011		14		0.00562644		24		69008		4.67638
11111111011		13		0.0031384		23		69044		4.67775
11111111011		12		0.00164621		22		69083		4.68057
11111111011		11		0.000805697		21		69107		4.68358
11111111011		10		0.000363255		20		69154		4.68255
11111111011		9		0.000147686		19		69196		4.6784
11111111011		8		5.24696e-05		18		69344		4.68244
11111111011		7		1.56808e-05		17		69718		4.68095
11111111011		6		3.77828e-06		16		71003		4.69113
11111111011		5		6.9916e-07		15		76349		4.71599
11111111011		4		9.3693e-08		14		98438		4.82742
11111111011		3		8.40544e-09		13		184758		5.20329
11111111011		2		4.43803e-10		12		537345		6.49052
11111111011		1		1.02922e-11		10		7859551		30.2475
111111100111		22		0.17051		33		68694		4.27353
111111100111		21		0.134593		32		68744		4.01328
111111100111		20		0.103717		31		68780		4.35352
111111100111		19		0.0778472		30		68814		4.47321
111111100111		18		0.0567661		29		68837		4.03099
111111100111		17		0.0400985		28		68886		4.21854
111111100111		16		0.0273542		27		68913		4.1806
111111100111		15		0.0179605		26		68941		4.15328
111111100111		14		0.0113083		25		68973		4.34732
111111100111		13		0.0067989		24		69011		4.47214
111111100111		12		0.00388397		23		69045		4.40205
111111100111		11		0.00209613		22		69083		4.33668
111111100111		10		0.00106104		21		69110		4.5049
111111100111		9		0.000499507		20		69157		4.0482
111111100111		8		0.000216396		19		69188		4.0518
111111100111		7		8.52915e-05		18		69321		4.03963
111111100111		6		3.00699e-05		17		69690		4.23679
111111100111		5		9.34585e-06		16		70926		4.57834
111111100111		4		2.46072e-06		15		76037		4.3044
111111100111		3		5.45265e-07		14		97579		4.16418
111111100111		2		8.72524e-08		12		560575		6.07251
111111100111		1		1.11756e-08		10		7801915		29.2983
111111110011		22		0.169309		33		68700		4.11177
111111110011		21		0.134301		32		68751		4.11468
111111110011		20		0.104107		31		68786		4.11535
111111110011		19		0.0786794		30		68819		4.1163
111111110011		18		0.0578486		29		68841		4.1163
111111110011		17		0.041274		28		68886		4.11784
111111110011		16		0.0285081		27		68917		4.11836
111111110011		15		0.0190013		26		68945		4.12471
111111110011		14		0.0121806		25		68974		4.11729
111111110011		13		0.00747598		24		69011		4.11942
111111110011		12		0.00437139		23		69047		4.12051
111111110011		11		0.00241985		22		69087		4.12149
111111110011		10		0.00125921		21		69113		4.12241
111111110011		9		0.000610644		20		69164		4.12234
111111110011		8		0.000273134		19		69205		4.12262
111111110011		7		0.000111251		18		69376		4.1237
111111110011		6		4.05646e-05		17		69822		4.12629
111111110011		5		1.29878e-05		16		71466		4.13592
111111110011		4		3.52287e-06		15		78225		4.17054
111111110011		3		7.88404e-07		14		106598		4.3072
111111110011		2		1.28253e-07		12		577989		6.06525
111111110011		1		1.52069e-08		10		7777566		28.5105
11111111111		22		0.184512		32		68727		4.75128
11111111111		21		0.148897		31		68764		4.5779
11111111111		20		0.117708		30		68801		5.32867
11111111111		19		0.0908872		29		68837		4.73497
11111111111		18		0.0684595		28		68878		4.46257
11111111111		17		0.0502789		27		68901		5.50025
11111111111		16		0.0359331		26		68926		5.42167
11111111111		15		0.0249065		25		68959		5.7189
11111111111		14		0.0166737		24		69002		5.43996
11111111111		13		0.0107316		23		69035		4.63529
11111111111		12		0.00661084		22		69073		4.38842
11111111111		11		0.00387972		21		69101		5.32271
11111111111		10		0.00215602		20		69145		4.92295
11111111111		9		0.00112582		19		69177		5.1227
11111111111		8		0.000547953		18		69298		5.58444
11111111111		7		0.000245246		17		69645		6.50381
11111111111		6		9.84038e-05		16		70722		4.13522
11111111111		5		3.40589e-05		15		75182		4.90667
11111111111		4		9.57836e-06		14		93982		5.118
11111111111		3		1.9866e-06		13		166842		6.89456
11111111111		2		2.55688e-07		12		460834		5.81824
11111111111		1		1.39291e-08		11		1656628		12.1906
11111111111		22		0.184512		32		68727		3.24851
11111111111		21		0.148897		31		68764		3.23937
11111111111		20		0.117708		30		68801		3.23098
11111111111		19		0.0908872		29		68837		3.24349
11111111111		18		0.0684595		28		68878		3.24012
11111111111		17		0.0502789		27		68901		3.22153
11111111111		16		0.0359331		26		68926		3.23715
11111111111		15		0.0249065		25		68959		3.24734
11111111111		14		0.0166737		24		69002		3.2447
11111111111		13		0.0107316		23		69035		3.232
11111111111		12		0.00661084		22		69073		3.25551
11111111111		11		0.00387972		21		69101		3.24975
11111111111		10		0.00215602		20		69145		3.23855
11111111111		9		0.00112582		19		69177		3.23212
11111111111		8		0.000547953		18		69298		3.25439
11111111111		7		0.000245246		17		69645		3.25095
11111111111		6		9.84038e-05		16		70722		3.24532
11111111111		5		3.40589e-05		15		75182		3.28593
11111111111		4		9.57836e-06		14		93982		3.3681
11111111111		3		1.9866e-06		13		166842		3.63863
11111111111		2		2.55688e-07		12		460834		4.65067
11111111111		1		1.39291e-08		11		1656628		8.21293
111111110111		21		0.192596		32		68719		5.48628
111111110111		20		0.155589		31		68758		6.42327
111111110111		19		0.123103		30		68802		6.31627
111111110111		18		0.0951513		29		68830		6.68057
111111110111		17		0.0716598		28		68875		7.10202
111111110111		16		0.0524447		27		68901		4.14362
111111110111		15		0.0371865		26		68933		6.6256
111111110111		14		0.0254624		25		68966		6.437
111111110111		13		0.0167773		24		69005		6.00643
111111110111		12		0.0105886		23		69040		4.64377
111111110111		11		0.00635937		22		69076		6.40298
111111110111		10		0.00360456		21		69104		6.44838
111111110111		9		0.00190836		20		69150		6.7469
111111110111		8		0.000931019		19		69186		5.43603
111111110111		7		0.00041083		18		69302		6.22551
111111110111		6		0.000159628		17		69666		6.10622
111111110111		5		5.24247e-05		16		70783		5.24172
111111110111		4		1.36619e-05		15		75482		6.59104
111111110111		3		2.5651e-06		14		95080		7.01002
111111110111		2		2.96781e-07		13		171526		7.66181
111111110111		1		1.52186e-08		11		2004958		17.5834
111111111011		21		0.192083		32		68720		4.96617
111111111011		20		0.155604		31		68761		4.74992
111111111011		19		0.123525		30		68807		4.24981
111111111011		18		0.0958552		29		68831		4.78623
111111111011		17		0.0725268		28		68875		5.05511
111111111011		16		0.0533761		27		68904		4.91695
111111111011		15		0.0381187		26		68935		4.54855
111111111011		14		0.0263495		25		68966		4.32296
111111111011		13		0.0175707		24		69005		5.18588
111111111011		12		0.011248		23		69041		5.66677
111111111011		11		0.00686798		22		69078		4.41339
111111111011		10		0.00396921		21		69105		5.52104
111111111011		9		0.00215143		20		69152		4.44116
111111111011		8		0.00108118		19		69193		4.86703
111111111011		7		0.000495867		18		69336		5.687
111111111011		6		0.000202549		17		69712		5.1147
111111111011		5		7.07573e-05		16		70987		5.30964
111111111011		4		1.97974e-05		15		76310		5.06693
111111111011		3		4.01098e-06		14		98301		4.32767
111111111011		2		5.01251e-07		13		184617		5.86765
111111111011		1		2.77224e-08		11		1990436		13.8126
1111111100111		19		0.163681		31		68757		5.27247
1111111100111		18		0.13012		30		68801		4.89209
1111111100111		17		0.101085		29		68821		4.75825
1111111100111		16		0.0765646		28		68863		4.47046
1111111100111		15		0.0563831		27		68903		5.10426
1111111100111		14		0.0402363		26		68936		4.06463
1111111100111		13		0.0277214		25		68970		4.71153
1111111100111		12		0.0183571		24		69008		4.41659
1111111100111		11		0.0116245		23		69043		4.19085
1111111100111		10		0.00699543		22		69079		5.47068
1111111100111		9		0.00397064		21		69109		4.81676
1111111100111		8		0.00210418		20		69153		5.86462
1111111100111		7		0.00103013		19		69187		4.80076
1111111100111		6		0.000456435		18		69318		5.0515
1111111100111		5		0.000181554		17		69685		4.6874
1111111100111		4		6.11424e-05		16		70920		4.93578
1111111100111		3		1.7974e-05		15		76023		4.70671
1111111100111		2		3.61986e-06		13		190058		4.54673
1111111100111		1		6.69008e-07		11		1975961		13.4839
1111111110011		20		0.199971		32		68717		3.22338
1111111110011		19		0.162955		31		68760		3.18892
1111111110011		18		0.130183		30		68801		3.19522
1111111110011		17		0.101771		29		68825		3.19866
1111111110011		16		0.0776702		28		68868		3.19487
1111111110011		15		0.0577161		27		68907		3.19894
1111111110011		14		0.0416363		26		68937		3.19931
1111111110011		13		0.029067		25		68971		3.19981
1111111110011		12		0.019563		24		69009		3.19766
1111111110011		11		0.0126371		23		69045		3.19629
1111111110011		10		0.00779073		22		69080		3.2005
1111111110011		9		0.0045514		21		69113		3.20211
1111111110011		8		0.00249603		20		69162		3.19883
1111111110011		7		0.00127045		19		69205		3.19955
1111111110011		6		0.000589524		18		69369		3.20462
1111111110011		5		0.000245712		17		69811		3.20909
1111111110011		4		8.78273e-05		16		71460		3.21154
1111111110011		3		2.69847e-05		15		78184		3.247
1111111110011		2		5.87498e-06		13		194659		3.73058
1111111110011		1		1.08656e-06		11		1969835		9.37146
111111111111		19		0.176522		30		68774		3.27284
111111111111		18		0.143266		29		68808		3.29698
111111111111		17		0.114115		28		68859		3.30992
111111111111		16		0.088986		27		68896		3.29415
111111111111		15		0.0677785		26		68922		3.34657
111111111111		14		0.0503218		25		68953		3.41871
111111111111		13		0.0363455		24		68997		3.40875
111111111111		12		0.0254705		23		69031		3.39848
111111111111		11		0.0172534		22		69071		3.39779
111111111111		10		0.0112469		21		69096		3.43087
111111111111		9		0.00701634		20		69141		3.41786
111111111111		8		0.00416162		19		69175		3.4037
111111111111		7		0.00232777		18		69290		3.39731
111111111111		6		0.00121336		17		69642		3.42669
111111111111		5		0.000579142		16		70716		3.43549
111111111111		4		0.000246705		15		75166		3.43319
111111111111		3		8.98671e-05		14		93940		3.5131
111111111111		2		2.56089e-05		13		166754		3.80699
111111111111		1		4.49339e-06		12		460629		4.75819
111111111111		19		0.176522		30		68774		3.40717
111111111111		18		0.143266		29		68808		3.40193
111111111111		17		0.114115		28		68859		3.42206
111111111111		16		0.088986		27		68896		3.42648
111111111111		15		0.0677785		26		68922		3.39871
111111111111		14		0.0503218		25		68953		3.39443
111111111111		13		0.0363455		24		68997		3.42597
111111111111		12		0.0254705		23		69031		3.40902
111111111111		11		0.0172534		22		69071		3.39892
111111111111		10		0.0112469		21		69096		3.41627
111111111111		9		0.00701634		20		69141		3.43343
111111111111		8		0.00416162		19		69175		3.40662
111111111111		7		0.00232777		18		69290		3.40323
111111111111		6		0.00121336		17		69642		3.43286
111111111111		5		0.000579142		16		70716		3.41691
111111111111		4		0.000246705		15		75166		3.4296
111111111111		3		8.98671e-05		14		93940		3.51584
111111111111		2		2.56089e-05		13		166754		3.81979
111111111111		1		4.49339e-06		12		460629		4.76416
1111111110111		18		0.180123		30		68780		3.3488
1111111110111		17		0.145823		29		68804		3.34705
1111111110111		16		0.115692		28		68850		3.3424
1111111110111		15		0.0897352		27		68887		3.34261
1111111110111		14		0.0678569		26		68926		3.34998
1111111110111		13		0.0498715		25		68959		3.35274
1111111110111		12		0.0354922		24		69000		3.35095
1111111110111		11		0.0243485		23		69037		3.35082
1111111110111		10		0.0160156		22		69075		3.35523
1111111110111		9		0.0100362		21		69099		3.35077
1111111110111		8		0.00594007		20		69148		3.36063
1111111110111		7		0.00327785		19		69185		3.33651
1111111110111		6		0.00165345		18		69301		3.36099
1111111110111		5		0.000738587		17		69659		3.38737
1111111110111		4		0.000276254		16		70780		3.34823
1111111110111		3		7.82218e-05		15		75479		3.39015
1111111110111		2		1.40708e-05		14		95059		3.50527
1111111110111		1		1.12777e-06		12		547331		5.00519
1111111111011		18		0.179843		30		68779		3.71956
1111111111011		17		0.145985		29		68806		5.43935
1111111111011		16		0.116205		28		68852		5.27801
1111111111011		15		0.0905054		27		68890		4.86713
1111111111011		14		0.0687889		26		68925		6.26931
1111111111011		13		0.0508682		25		68959		4.92284
1111111111011		12		0.0364739		24		69000		4.21422
1111111111011		11		0.0252598		23		69036		4.46097
1111111111011		10		0.0168196		22		69076		4.08503
1111111111011		9		0.0107068		21		69100		5.75754
1111111111011		8		0.00646489		20		69151		6.16406
1111111111011		7		0.00366079		19		69192		5.82928
1111111111011		6		0.00191137		18		69332		6.07104
1111111111011		5		0.000896472		17		69706		4.57354
1111111111011		4		0.000361273		16		70979		5.73055
1111111111011		3		0.000114789		15		76292		5.0425
1111111111011		2		2.42701e-05		14		98292		5.46054
1111111111011		1		2.3758e-06		12		543689		7.40923
