shape		t		lossrate		minCoverage	PM		runtime

1111011010001110011011		40		0.178147		61		58572		7.5629
1111011010001110011011		39		0.138328		60		58705		7.56311
1111011010001110011011		38		0.105933		59		58817		7.57073
1111011010001110011011		37		0.0805854		58		58901		7.56794
1111011010001110011011		36		0.0560392		57		59005		7.56712
1111011010001110011011		35		0.0413825		56		59071		7.58113
1111011010001110011011		34		0.0285168		55		59125		7.58057
1111011010001110011011		33		0.0178105		54		59182		7.57071
1111011010001110011011		32		0.00904378		53		59242		7.54345
1111011010001110011011		31		0.00505267		52		59276		7.56283
1111011010001110011011		30		0.00206629		51		59295		7.57541
1111011010001110011011		29		0.00045934		50		59311		7.57666
1111011010001110011011		28		0.000115738		49		59320		7.56843
1111011010001110011011		27		2.35595e-05		48		59332		7.56413
1111011010001110011011		26		0		47		59338		7.56404
11101110110001110110001		40		0.189557		62		58317		8.39004
11101110110001110110001		39		0.15141		61		58662		7.45986
11101110110001110110001		38		0.116375		60		58773		7.47626
11101110110001110110001		37		0.0902732		59		58889		7.47381
11101110110001110110001		36		0.0696825		58		58970		7.47351
11101110110001110110001		35		0.0528493		57		59057		7.48156
11101110110001110110001		34		0.0376471		56		59113		7.48647
11101110110001110110001		33		0.0264119		55		59149		7.50024
11101110110001110110001		32		0.017347		54		59195		7.48901
11101110110001110110001		31		0.0101934		53		59256		7.49213
11101110110001110110001		30		0.00622129		52		59286		7.48809
11101110110001110110001		29		0.00282645		51		59300		7.46222
11101110110001110110001		28		0.000919228		50		59309		7.43773
11101110110001110110001		27		0.000258786		49		59323		7.4379
11101110110001110110001		26		4.28049e-05		48		59333		7.46853
11101110110001110110001		25		0		47		59338		7.43813
1111111111100000111		42		0.176703		60		58576		7.3401
1111111111100000111		41		0.143752		59		58683		7.02458
1111111111100000111		40		0.103468		58		58825		7.03969
1111111111100000111		39		0.0842987		57		58913		7.04206
1111111111100000111		38		0.0669152		56		58986		7.04446
1111111111100000111		37		0.0525429		55		59069		7.06885
1111111111100000111		36		0.040551		54		59128		7.05564
1111111111100000111		35		0.0243609		53		59176		7.06823
1111111111100000111		34		0.0179918		52		59218		7.06215
1111111111100000111		33		0.0127796		51		59254		7.07149
1111111111100000111		32		0.00424889		50		59291		7.05922
1111111111100000111		31		0.00265908		49		59306		7.06758
1111111111100000111		30		0.00148319		48		59318		7.05011
1111111111100000111		29		0		47		59325		7.06415
11111111111111		44		0.179082		57		58584		7.00589
11111111111111		43		0.148015		56		58699		7.00046
11111111111111		42		0.121489		55		58800		7.0028
11111111111111		41		0.0987825		54		58882		6.99626
11111111111111		40		0.0790435		53		58964		7.00189
11111111111111		39		0.0621342		52		59027		7.0065
11111111111111		38		0.0480111		51		59080		7.00308
11111111111111		37		0.0365356		50		59124		7.00616
11111111111111		36		0.0272031		49		59183		7.0038
11111111111111		35		0.0194774		48		59210		7.00558
11111111111111		34		0		47		59286		7.00208
110101111001100010111		42		0.166338		62		58599		4.49822
110101111001100010111		41		0.126211		61		58722		4.50773
110101111001100010111		40		0.096033		60		58833		4.50143
110101111001100010111		39		0.0683001		59		58948		4.50601
110101111001100010111		38		0.0510448		58		59023		4.50483
110101111001100010111		37		0.0342087		57		59087		4.50508
110101111001100010111		36		0.0211138		56		59168		4.52543
110101111001100010111		35		0.0106641		55		59233		4.50701
110101111001100010111		34		0.00585139		54		59261		4.50917
110101111001100010111		33		0.00241603		53		59292		4.50505
110101111001100010111		32		0.00050877		52		59310		4.51063
110101111001100010111		31		0.000189733		51		59319		4.5091
110101111001100010111		30		0		50		59328		4.5406
11111111110000111		45		0.187834		61		58526		4.05526
11111111110000111		44		0.135576		60		58690		4.04941
11111111110000111		43		0.107777		59		58812		4.07711
11111111110000111		42		0.0896524		58		58881		4.0621
11111111110000111		41		0.0707337		57		58981		4.06662
11111111110000111		40		0.045396		56		59070		4.05713
11111111110000111		39		0.0347111		55		59123		4.05616
11111111110000111		38		0.0259009		54		59167		4.05852
11111111110000111		37		0.0115595		53		59236		4.05367
11111111110000111		36		0.00794331		52		59262		4.05921
11111111110000111		35		0.00508671		51		59285		4.05181
11111111110000111		34		0		50		59313		4.06337
1111111111111		47		0.196686		59		58510		4.03989
1111111111111		46		0.162067		58		58641		4.03767
1111111111111		45		0.132586		57		58755		4.04256
1111111111111		44		0.107425		56		58842		4.04491
1111111111111		43		0.0858203		55		58925		4.03954
1111111111111		42		0.067202		54		58994		4.04797
1111111111111		41		0.0514744		53		59060		4.04677
1111111111111		40		0.0385291		52		59105		4.05635
1111111111111		39		0.0280698		51		59168		4.04673
1111111111111		38		0		50		59248		4.04891
1110100111010011101		45		0.167422		63		58582		4.00726
1110100111010011101		44		0.130163		62		58706		4.03534
1110100111010011101		43		0.0928035		61		58832		4.02035
1110100111010011101		42		0.0690884		60		58935		4.02638
1110100111010011101		41		0.0465755		59		59044		3.97102
1110100111010011101		40		0.0300404		58		59122		4.03136
1110100111010011101		39		0.0145095		57		59194		4.02726
1110100111010011101		38		0.00832342		56		59238		4.03679
1110100111010011101		37		0.00355624		55		59273		4.04274
1110100111010011101		36		0.00148319		54		59299		4.02552
1110100111010011101		35		0		53		59313		4.06037
11111111100111		48		0.164439		61		58608		3.59454
11111111100111		47		0.122867		60		58746		3.59871
11111111100111		46		0.097854		59		58853		3.58849
11111111100111		45		0.0773231		58		58940		3.62245
11111111100111		44		0.0597877		57		59006		3.60695
11111111100111		43		0.0365356		56		59091		3.59297
11111111100111		42		0.0272031		55		59153		3.60478
11111111100111		41		0.0194774		54		59186		3.59342
11111111100111		40		0		53		59266		3.62539
111111111111		49		0.176117		60		58574		3.34286
111111111111		48		0.143394		59		58709		3.34404
111111111111		47		0.115549		58		58802		3.35607
111111111111		46		0.0917177		57		58890		3.34352
111111111111		45		0.0713637		56		58970		3.35087
111111111111		44		0.0540649		55		59034		3.37127
111111111111		43		0.0397063		54		59088		3.35638
111111111111		42		0		53		59223		3.35636
11111101110101		50		0.157146		63		58628		3.8271
11111101110101		49		0.119076		62		58747		3.84914
11111101110101		48		0.0882439		61		58868		3.85157
11111101110101		47		0.0644246		60		58964		3.8619
11111101110101		46		0.0488382		59		59031		3.86163
11111101110101		45		0.0320904		58		59118		3.84183
11111101110101		44		0.0194774		57		59180		3.85756
11111101110101		43		0		56		59260		3.85729
1111111001111		51		0.177789		63		58538		3.50099
1111111001111		50		0.143172		62		58672		3.51101
1111111001111		49		0.101997		61		58815		3.50979
1111111001111		48		0.067202		60		58940		3.52326
1111111001111		47		0.0514744		59		59014		3.53891
1111111001111		46		0.0385291		58		59069		3.51514
1111111001111		45		0.0280698		57		59140		3.54008
1111111001111		44		0		56		59230		3.52009
11111111111		52		0.190378		62		58520		3.42645
11111111111		51		0.153718		61		58660		3.43443
11111111111		50		0.122977		60		58764		3.43308
11111111111		49		0.0967325		59		58861		3.45645
11111111111		48		0.0743896		58		58943		3.46408
11111111111		47		0.055488		57		59022		3.45721
11111111111		46		0		56		59177		3.46156
111001001010011101		50		0.193671		67		58451		4.69794
111001001010011101		49		0.140884		66		58637		4.7238
111001001010011101		48		0.0949641		65		58789		4.6948
111001001010011101		47		0.0663737		64		58897		4.69869
111001001010011101		46		0.03537		63		59061		4.70298
111001001010011101		45		0.0163678		62		59144		4.72742
111001001010011101		44		0.00756569		61		59207		4.74914
111001001010011101		43		0.00288845		60		59250		4.70377
111001001010011101		42		0		59		59289		4.7258
1111111000111		53		0.166125		65		58564		4.53482
1111111000111		52		0.139635		64		58683		4.55642
1111111000111		51		0.090842		63		58854		4.51127
1111111000111		50		0.0514744		62		58990		4.55443
1111111000111		49		0.0385291		61		59052		4.49533
1111111000111		48		0.0280698		60		59121		4.5392
1111111000111		47		0		59		59222		4.56718
1111111111		54		0.163479		63		58623		4.36127
1111111111		53		0.129352		62		58731		4.34208
1111111111		52		0.100555		61		58838		4.3391
1111111111		51		0.0761068		60		58918		4.35029
1111111111		50		0		59		59146		4.28673
