shape		t		lossrate		minCoverage	PM		runtime

1111011010001110011011		17		0.179031		38		65510		6.31048
1111011010001110011011		16		0.137502		37		65531		6.31126
1111011010001110011011		15		0.10132		36		65543		6.30569
1111011010001110011011		14		0.0701647		35		65549		6.30634
1111011010001110011011		13		0.0448866		34		65552		6.30206
1111011010001110011011		12		0.0262807		33		65554		6.30135
1111011010001110011011		11		0.0139762		32		65554		6.30362
1111011010001110011011		10		0.00658623		31		65554		6.30339
1111011010001110011011		9		0.00269486		30		65554		6.30293
1111011010001110011011		8		0.000931554		28		65554		6.30672
1111011010001110011011		7		0.000261583		26		65554		6.30216
1111011010001110011011		6		5.6158e-05		24		65554		6.30445
1111011010001110011011		5		8.70143e-06		22		65554		6.30178
1111011010001110011011		4		8.80636e-07		20		65554		6.3023
1111011010001110011011		3		4.49554e-08		18		65554		6.30283
1111011010001110011011		2		0		16		65562		6.29831
11101110110001110110001		17		0.176969		39		65499		6.28091
11101110110001110110001		16		0.138919		38		65516		6.29335
11101110110001110110001		15		0.1054		37		65530		6.27861
11101110110001110110001		14		0.0767732		36		65537		6.2764
11101110110001110110001		13		0.0532097		35		65547		6.28135
11101110110001110110001		12		0.0346713		34		65550		6.28059
11101110110001110110001		11		0.0210819		33		65554		6.27832
11101110110001110110001		10		0.0118369		32		65554		6.27912
11101110110001110110001		9		0.00607884		30		65554		6.2812
11101110110001110110001		8		0.00282225		28		65554		6.28333
11101110110001110110001		7		0.0011521		26		65554		6.27756
11101110110001110110001		6		0.000398003		24		65554		6.27936
11101110110001110110001		5		0.000107095		22		65554		6.27809
11101110110001110110001		4		2.09983e-05		20		65554		6.28906
11101110110001110110001		3		2.78099e-06		18		65554		6.28188
11101110110001110110001		2		1.90461e-07		16		65588		6.28504
11101110110001110110001		1		0		14		89203		6.39008
1111111111100000111		18		0.170357		36		65508		6.06455
1111111111100000111		17		0.137484		35		65520		6.04982
1111111111100000111		16		0.107525		34		65534		6.07496
1111111111100000111		15		0.0809898		33		65542		6.09221
1111111111100000111		14		0.0588611		32		65547		6.03604
1111111111100000111		13		0.0412614		31		65549		6.02382
1111111111100000111		12		0.0277841		30		65552		6.00952
1111111111100000111		11		0.0177616		29		65554		5.95847
1111111111100000111		10		0.010178		28		65554		6.08039
1111111111100000111		9		0.00536118		27		65554		6.00832
1111111111100000111		8		0.00259856		26		65554		6.00879
1111111111100000111		7		0.00113642		25		65554		6.05425
1111111111100000111		6		0.000477561		24		65554		6.03345
1111111111100000111		5		0.000161503		22		65554		6.10655
1111111111100000111		4		4.94392e-05		20		65557		6.0998
1111111111100000111		3		1.07912e-05		18		65640		6.09205
1111111111100000111		2		1.27546e-06		16		67081		6.11996
1111111111100000111		1		9.28267e-08		14		89989		6.14217
11111111111111		19		0.181937		32		65503		6.02329
11111111111111		18		0.153122		31		65514		6.02077
11111111111111		17		0.127217		30		65528		6.02223
11111111111111		16		0.104301		29		65534		6.04441
11111111111111		15		0.084271		28		65541		5.97436
11111111111111		14		0.0667027		27		65545		5.9741
11111111111111		13		0.0515594		26		65547		6.01197
11111111111111		12		0.0387338		25		65550		6.01468
11111111111111		11		0.0282547		24		65550		6.11607
11111111111111		10		0.0201258		23		65550		5.97072
11111111111111		9		0.0139636		22		65551		5.97682
11111111111111		8		0.00936479		21		65553		5.97422
11111111111111		7		0.0060231		20		65563		5.97529
11111111111111		6		0.0036831		19		65566		5.97868
11111111111111		5		0.00211599		18		65625		5.98132
11111111111111		4		0.00112376		17		65887		6.01161
11111111111111		3		0.000535947		16		66880		5.98511
11111111111111		2		0.000216708		15		70828		5.99708
11111111111111		1		6.37281e-05		14		87980		6.08025
110101111001100010111		19		0.186501		39		65518		3.76394
110101111001100010111		18		0.144321		38		65532		3.76884
110101111001100010111		17		0.107077		37		65541		3.76787
110101111001100010111		16		0.0755291		36		65546		3.76727
110101111001100010111		15		0.0498935		35		65548		3.77091
110101111001100010111		14		0.0303649		34		65554		3.77279
110101111001100010111		13		0.0167528		33		65554		3.76986
110101111001100010111		12		0.00826894		32		65554		3.77303
110101111001100010111		11		0.00361936		31		65554		3.76763
110101111001100010111		10		0.00136821		30		65554		3.77299
110101111001100010111		9		0.000420138		29		65554		3.77239
110101111001100010111		8		9.45905e-05		27		65554		3.76764
110101111001100010111		7		1.30438e-05		25		65554		3.76843
110101111001100010111		6		7.805e-07		23		65554		3.7694
110101111001100010111		5		1.61094e-08		21		65554		3.77419
110101111001100010111		4		0		19		65554		3.76925
11111111110000111		21		0.196983		37		65497		3.51502
11111111110000111		20		0.160892		36		65512		3.51107
11111111110000111		19		0.128673		35		65530		3.50616
11111111110000111		18		0.0998175		34		65533		3.52587
11111111110000111		17		0.07541		33		65543		3.52438
11111111110000111		16		0.05542		32		65549		3.50177
11111111110000111		15		0.0391259		31		65551		3.50368
11111111110000111		14		0.0263953		30		65552		3.50094
11111111110000111		13		0.0166195		29		65554		3.50124
11111111110000111		12		0.00938191		28		65554		3.5104
11111111110000111		11		0.00494878		27		65554		3.48974
11111111110000111		10		0.00239473		26		65554		3.5011
11111111110000111		9		0.0010373		25		65554		3.49052
11111111110000111		8		0.000358633		24		65554		3.52623
11111111110000111		7		9.88031e-05		23		65554		3.50475
11111111110000111		6		1.46079e-05		22		65555		3.48495
11111111110000111		5		4.87221e-07		21		65555		3.4838
11111111110000111		4		0		19		65576		3.48036
1111111111111		21		0.177195		33		65510		3.48564
1111111111111		20		0.147954		32		65525		3.5178
1111111111111		19		0.121957		31		65530		3.49565
1111111111111		18		0.0986348		30		65537		3.48516
1111111111111		17		0.0782745		29		65545		3.48878
1111111111111		16		0.0608878		28		65546		3.49199
1111111111111		15		0.0461565		27		65550		3.49251
1111111111111		14		0.0340053		26		65550		3.51157
1111111111111		13		0.0245178		25		65550		3.49059
1111111111111		12		0.0172906		24		65550		3.49567
1111111111111		11		0.0118459		23		65552		3.54419
1111111111111		10		0.00783447		22		65553		3.48782
1111111111111		9		0.00497272		21		65555		3.48409
1111111111111		8		0.00301101		20		65565		3.48587
1111111111111		7		0.00172636		19		65566		3.49274
1111111111111		6		0.000927003		18		65625		3.51651
1111111111111		5		0.000462617		17		65887		3.49131
1111111111111		4		0.000208505		16		66880		3.49318
1111111111111		3		8.07625e-05		15		70831		3.51234
1111111111111		2		2.44696e-05		14		87980		3.60369
1111111111111		1		4.55653e-06		13		154775		3.8793
1110100111010011101		21		0.168057		39		65521		3.07706
1110100111010011101		20		0.129905		38		65531		3.08061
1110100111010011101		19		0.096758		37		65539		3.08472
1110100111010011101		18		0.06892		36		65550		3.07884
1110100111010011101		17		0.0467171		35		65552		3.08337
1110100111010011101		16		0.0295032		34		65553		3.08003
1110100111010011101		15		0.0171857		33		65554		3.07571
1110100111010011101		14		0.00902569		32		65554		3.08084
1110100111010011101		13		0.0041863		31		65554		3.08807
1110100111010011101		12		0.00164088		30		65554		3.08609
1110100111010011101		11		0.000509684		29		65554		3.08645
1110100111010011101		10		0.000104079		28		65554		3.08306
1110100111010011101		9		1.06705e-05		27		65554		3.07813
1110100111010011101		8		1.57279e-07		26		65554		3.0792
1110100111010011101		7		0		24		65554		3.087
11111111100111		23		0.173387		36		65519		2.85686
11111111100111		22		0.140535		35		65524		2.85337
11111111100111		21		0.111378		34		65536		2.86168
11111111100111		20		0.0862007		33		65543		2.8555
11111111100111		19		0.0649043		32		65546		2.85933
11111111100111		18		0.0472168		31		65548		2.85318
11111111100111		17		0.0330855		30		65550		2.86887
11111111100111		16		0.0223377		29		65552		2.86225
11111111100111		15		0.0143782		28		65552		2.85695
11111111100111		14		0.00878554		27		65554		2.86117
11111111100111		13		0.00502286		26		65554		2.85636
11111111100111		12		0.0026342		25		65554		2.86094
11111111100111		11		0.00122571		24		65554		2.85955
11111111100111		10		0.000487198		23		65554		2.87475
11111111100111		9		0.000145127		22		65555		2.85725
11111111100111		8		2.30036e-05		21		65555		2.85961
11111111100111		7		1.75484e-06		20		65565		2.85569
11111111100111		6		0		19		65568		2.85983
111111111111		23		0.16774		34		65524		2.82372
111111111111		22		0.137716		33		65530		2.81078
111111111111		21		0.111049		32		65536		2.81814
111111111111		20		0.0878769		31		65545		2.8124
111111111111		19		0.0682086		30		65546		2.82223
111111111111		18		0.0516543		29		65548		2.81167
111111111111		17		0.0380422		28		65550		2.81203
111111111111		16		0.0274316		27		65550		2.81928
111111111111		15		0.0193517		26		65550		2.82241
111111111111		14		0.0132643		25		65552		2.82242
111111111111		13		0.00876443		24		65554		2.82435
111111111111		12		0.00555552		23		65554		2.81736
111111111111		11		0.00334882		22		65555		2.82048
111111111111		10		0.00194916		21		65555		2.81772
111111111111		9		0.0010811		20		65565		2.81612
111111111111		8		0.0005629		19		65566		2.81277
111111111111		7		0.000269881		18		65625		2.81129
111111111111		6		0.000115547		17		65891		2.81939
111111111111		5		4.23742e-05		16		66883		2.81922
111111111111		4		1.25586e-05		15		70832		2.83698
111111111111		3		2.65533e-06		14		87986		2.91474
111111111111		2		3.0721e-07		13		154781		3.163
111111111111		1		1.00369e-08		12		422071		4.12463
11111101110101		25		0.163662		38		65527		3.16421
11111101110101		24		0.129457		37		65535		3.16659
11111101110101		23		0.0998566		36		65541		3.16217
11111101110101		22		0.074802		35		65545		3.16534
11111101110101		21		0.0541138		34		65546		3.16769
11111101110101		20		0.0376007		33		65550		3.16899
11111101110101		19		0.0250678		32		65552		3.16826
11111101110101		18		0.0159362		31		65552		3.16786
11111101110101		17		0.0095577		30		65554		3.16452
11111101110101		16		0.00533442		29		65554		3.169
11111101110101		15		0.00271893		28		65554		3.16308
11111101110101		14		0.0012328		27		65554		3.16335
11111101110101		13		0.000466252		26		65554		3.16619
11111101110101		12		0.000126772		25		65554		3.16334
11111101110101		11		1.61203e-05		24		65554		3.16302
11111101110101		10		3.05222e-07		23		65554		3.1659
11111101110101		9		0		22		65560		3.16307
1111111001111		26		0.199101		38		65520		2.92929
1111111001111		25		0.159771		37		65528		2.92919
1111111001111		24		0.125571		36		65533		2.92924
1111111001111		23		0.0963584		35		65539		2.93043
1111111001111		22		0.0718597		34		65544		2.92916
1111111001111		21		0.0516278		33		65550		2.92857
1111111001111		20		0.0354929		32		65550		2.93085
1111111001111		19		0.023336		31		65552		2.93018
1111111001111		18		0.0145756		30		65552		2.92974
1111111001111		17		0.0086018		29		65554		2.93034
1111111001111		16		0.00470598		28		65554		2.92962
1111111001111		15		0.00235495		27		65554		2.93003
1111111001111		14		0.0010436		26		65554		2.92771
1111111001111		13		0.000387875		25		65554		2.92835
1111111001111		12		0.000124699		24		65554		2.92893
1111111001111		11		2.89421e-05		23		65554		2.93164
1111111001111		10		3.1125e-06		22		65555		2.92886
1111111001111		9		4.43779e-08		21		65555		2.92899
1111111001111		8		0		20		65565		2.9297
11111111111		26		0.184518		36		65524		2.84424
11111111111		25		0.150159		35		65528		2.8407
11111111111		24		0.120216		34		65539		2.84226
11111111111		23		0.0944521		33		65545		2.84169
11111111111		22		0.0726846		32		65547		2.85045
11111111111		21		0.0544733		31		65547		2.84344
11111111111		20		0.0396698		30		65550		2.84344
11111111111		19		0.0282566		29		65550		2.84491
11111111111		18		0.0196319		28		65552		2.84034
11111111111		17		0.0131572		27		65554		2.8445
11111111111		16		0.00829895		26		65554		2.84612
11111111111		15		0.00510187		25		65554		2.84826
11111111111		14		0.00304366		24		65554		2.84541
11111111111		13		0.00174214		23		65554		2.847
11111111111		12		0.000940626		22		65555		2.84607
11111111111		11		0.000469319		21		65555		2.84336
11111111111		10		0.00020919		20		65565		2.84841
11111111111		9		7.95403e-05		19		65566		2.84441
11111111111		8		2.39451e-05		18		65629		2.8474
11111111111		7		4.50778e-06		17		65894		2.84723
11111111111		6		0		16		66888		2.85461
111001001010011101		25		0.152738		42		65537		3.82115
111001001010011101		24		0.110527		41		65544		3.82135
111001001010011101		23		0.0759625		40		65548		3.82564
111001001010011101		22		0.0489984		39		65552		3.82085
111001001010011101		21		0.0291864		38		65554		3.82074
111001001010011101		20		0.0157837		37		65554		3.82017
111001001010011101		19		0.0075711		36		65554		3.82031
111001001010011101		18		0.00319225		35		65554		3.8289
111001001010011101		17		0.00113148		34		65554		3.82393
111001001010011101		16		0.000309036		33		65554		3.82007
111001001010011101		15		5.75494e-05		32		65554		3.82275
111001001010011101		14		7.0122e-06		31		65554		3.82376
111001001010011101		13		3.4507e-07		30		65554		3.81925
111001001010011101		12		0		29		65554		3.82239
1111111000111		28		0.180589		40		65527		3.73436
1111111000111		27		0.140674		39		65532		3.73219
1111111000111		26		0.106544		38		65540		3.733
1111111000111		25		0.077448		37		65544		3.73377
1111111000111		24		0.0544843		36		65548		3.73561
1111111000111		23		0.03624		35		65550		3.73532
1111111000111		22		0.022865		34		65552		3.73289
1111111000111		21		0.0138791		33		65554		3.73466
1111111000111		20		0.00766853		32		65554		3.73551
1111111000111		19		0.00384525		31		65554		3.73865
1111111000111		18		0.00181786		30		65554		3.73306
1111111000111		17		0.000681751		29		65554		3.73776
1111111000111		16		0.000164013		28		65554		3.7321
1111111000111		15		3.52862e-05		27		65554		3.7342
1111111000111		14		5.46868e-06		26		65554		3.73235
1111111000111		13		4.43779e-08		25		65554		3.73542
1111111000111		12		0		24		65554		3.73248
1111111111		29		0.196427		38		65524		3.57181
1111111111		28		0.157844		37		65532		3.57765
1111111111		27		0.124773		36		65538		3.57566
1111111111		26		0.0967288		35		65546		3.58102
1111111111		25		0.0732312		34		65547		3.57492
1111111111		24		0.0537693		33		65547		3.57429
1111111111		23		0.0382096		32		65549		3.57921
1111111111		22		0.026419		31		65554		3.57679
1111111111		21		0.0170805		30		65554		3.5827
1111111111		20		0.0107618		29		65554		3.58059
1111111111		19		0.00659119		28		65554		3.57465
1111111111		18		0.00390514		27		65554		3.57768
1111111111		17		0.00220775		26		65554		3.58002
1111111111		16		0.0011639		25		65554		3.57808
1111111111		15		0.000551842		24		65554		3.57964
1111111111		14		0.000219564		23		65554		3.57465
1111111111		13		6.27241e-05		22		65555		3.57777
1111111111		12		0		21		65555		3.57695
