shape		t		lossrate		minCoverage	PM		runtime

1111011010001110011011		22		0.179482		43		68706		7.65624
1111011010001110011011		21		0.144085		42		68712		7.66426
1111011010001110011011		20		0.112382		41		68720		7.65228
1111011010001110011011		19		0.0845535		40		68721		7.66477
1111011010001110011011		18		0.0608087		39		68721		7.60281
1111011010001110011011		17		0.0414676		38		68728		7.61137
1111011010001110011011		16		0.0266088		37		68728		7.63611
1111011010001110011011		15		0.0158771		36		68728		7.66534
1111011010001110011011		14		0.00869966		35		68728		7.62935
1111011010001110011011		13		0.00431097		34		68728		7.66581
1111011010001110011011		12		0.00189164		33		68728		7.67789
1111011010001110011011		11		0.000712526		32		68728		7.60688
1111011010001110011011		10		0.000222642		31		68728		7.62418
1111011010001110011011		9		5.52637e-05		30		68728		7.68464
1111011010001110011011		8		1.02999e-05		28		68728		7.663
1111011010001110011011		7		1.3026e-06		26		68728		7.64873
1111011010001110011011		6		1.15614e-07		24		68728		7.63941
1111011010001110011011		5		7.76504e-09		22		68728		7.59749
1111011010001110011011		4		8.28273e-11		20		68728		7.58309
1111011010001110011011		3		0		18		68728		7.61425
11101110110001110110001		22		0.176605		44		68703		8.13049
11101110110001110110001		21		0.143617		43		68710		8.13529
11101110110001110110001		20		0.114043		42		68718		8.1969
11101110110001110110001		19		0.0881233		41		68720		8.10281
11101110110001110110001		18		0.0659647		40		68724		8.1745
11101110110001110110001		17		0.0475466		39		68724		8.80393
11101110110001110110001		16		0.0328317		38		68726		8.90162
11101110110001110110001		15		0.0215913		37		68728		9.00105
11101110110001110110001		14		0.0134436		36		68728		8.84801
11101110110001110110001		13		0.00787418		35		68728		8.92022
11101110110001110110001		12		0.0042909		34		68728		9.02371
11101110110001110110001		11		0.00214763		33		68728		8.8638
11101110110001110110001		10		0.000968102		32		68728		8.88591
11101110110001110110001		9		0.000386198		30		68728		8.94162
11101110110001110110001		8		0.000132717		28		68728		8.92314
11101110110001110110001		7		3.78496e-05		26		68728		9.18961
11101110110001110110001		6		8.51426e-06		24		68728		9.17171
11101110110001110110001		5		1.42186e-06		22		68728		9.21739
11101110110001110110001		4		1.58582e-07		20		68728		9.23223
11101110110001110110001		3		5.75322e-09		18		68728		9.25383
11101110110001110110001		2		9.31841e-11		16		68769		9.34223
11101110110001110110001		1		0		14		100639		9.21834
1111111111100000111		23		0.168971		41		68714		7.56679
1111111111100000111		22		0.139602		40		68719		7.60327
1111111111100000111		21		0.113403		39		68722		7.697
1111111111100000111		20		0.0902952		38		68725		7.95132
1111111111100000111		19		0.0701348		37		68726		7.63838
1111111111100000111		18		0.0528165		36		68728		7.69228
1111111111100000111		17		0.0383643		35		68728		7.57272
1111111111100000111		16		0.0267954		34		68728		7.96022
1111111111100000111		15		0.017938		33		68728		7.55515
1111111111100000111		14		0.0115586		32		68728		7.81113
1111111111100000111		13		0.00703774		31		68728		7.5673
1111111111100000111		12		0.00395633		30		68728		7.56964
1111111111100000111		11		0.00204258		29		68728		7.56675
1111111111100000111		10		0.000963595		28		68728		7.5463
1111111111100000111		9		0.000430797		27		68728		7.57166
1111111111100000111		8		0.000173835		26		68728		7.56184
1111111111100000111		7		5.90772e-05		25		68728		7.58847
1111111111100000111		6		1.66084e-05		24		68728		7.58992
1111111111100000111		5		3.31179e-06		22		68728		7.58002
1111111111100000111		4		5.25599e-07		20		68729		7.59313
1111111111100000111		3		5.15568e-08		18		68830		7.60359
1111111111100000111		2		3.15161e-09		16		70701		7.57001
1111111111100000111		1		7.13891e-11		14		100278		7.62387
11111111111111		24		0.185843		37		68709		7.59343
11111111111111		23		0.159		36		68716		7.62019
11111111111111		22		0.134247		35		68722		8.59533
11111111111111		21		0.111726		34		68724		8.33699
11111111111111		20		0.0917297		33		68725		7.5923
11111111111111		19		0.0744223		32		68728		7.58974
11111111111111		18		0.0596495		31		68728		7.9065
11111111111111		17		0.0470782		30		68728		7.51028
11111111111111		16		0.0365242		29		68728		7.46958
11111111111111		15		0.0278181		28		68728		7.46854
11111111111111		14		0.0207808		27		68728		7.49659
11111111111111		13		0.0151932		26		68728		7.48589
11111111111111		12		0.0108498		25		68728		7.48348
11111111111111		11		0.00754276		24		68728		7.46772
11111111111111		10		0.00508881		23		68728		7.44999
11111111111111		9		0.00331893		22		68728		7.49321
11111111111111		8		0.00208076		21		68728		7.4862
11111111111111		7		0.00124606		20		68742		7.4623
11111111111111		6		0.000706703		19		68742		7.47243
11111111111111		5		0.00037472		18		68830		7.49461
11111111111111		4		0.000181694		17		69154		7.51557
11111111111111		3		7.77972e-05		16		70283		7.5113
11111111111111		2		2.74996e-05		15		75417		7.50933
11111111111111		1		6.68866e-06		14		96777		7.60075
110101111001100010111		24		0.172564		44		68717		4.58024
110101111001100010111		23		0.13752		43		68719		4.58495
110101111001100010111		22		0.106454		42		68722		4.58498
110101111001100010111		21		0.0795155		41		68726		4.59803
110101111001100010111		20		0.0568416		40		68726		4.60213
110101111001100010111		19		0.0385444		39		68728		4.60161
110101111001100010111		18		0.0245683		38		68728		4.59709
110101111001100010111		17		0.0145737		37		68728		4.59555
110101111001100010111		16		0.00793135		36		68728		4.59855
110101111001100010111		15		0.00390352		35		68728		4.59844
110101111001100010111		14		0.00170328		34		68728		4.59773
110101111001100010111		13		0.000641883		33		68728		4.60345
110101111001100010111		12		0.000201395		32		68728		4.60838
110101111001100010111		11		5.00771e-05		31		68728		4.5983
110101111001100010111		10		9.25549e-06		30		68728		4.61117
110101111001100010111		9		1.1773e-06		29		68728		4.60641
110101111001100010111		8		7.79062e-08		27		68728		4.59616
110101111001100010111		7		2.08571e-09		25		68728		4.60597
110101111001100010111		6		0		23		68728		4.59219
11111111110000111		26		0.183759		42		68713		4.28102
11111111110000111		25		0.152512		41		68718		4.29023
11111111110000111		24		0.124281		40		68720		4.28836
11111111110000111		23		0.099369		39		68725		4.27704
11111111110000111		22		0.07775		38		68726		4.28185
11111111110000111		21		0.059156		37		68728		4.28401
11111111110000111		20		0.043824		36		68728		4.29372
11111111110000111		19		0.0315045		35		68728		4.28851
11111111110000111		18		0.0217899		34		68728		4.29056
11111111110000111		17		0.0144608		33		68728		4.2829
11111111110000111		16		0.00906485		32		68728		4.29162
11111111110000111		15		0.00527991		31		68728		4.27948
11111111110000111		14		0.00286468		30		68728		4.28304
11111111110000111		13		0.00143541		29		68728		4.27118
11111111110000111		12		0.000657446		28		68728		4.28112
11111111110000111		11		0.000265541		27		68728		4.38519
11111111110000111		10		8.51658e-05		26		68728		4.27625
11111111110000111		9		1.83218e-05		25		68728		4.2749
11111111110000111		8		2.35833e-06		24		68728		4.27829
11111111110000111		7		2.20566e-07		23		68728		4.26137
11111111110000111		6		6.8976e-09		22		68728		4.26959
11111111110000111		5		0		21		68728		4.27506
1111111111111		26		0.172331		38		68715		4.19813
1111111111111		25		0.145152		37		68724		4.20007
1111111111111		24		0.120481		36		68724		4.19751
1111111111111		23		0.0987302		35		68725		4.20513
1111111111111		22		0.0799648		34		68726		4.19352
1111111111111		21		0.0639774		33		68728		4.19786
1111111111111		20		0.0503649		32		68728		4.20278
1111111111111		19		0.0389528		31		68728		4.4699
1111111111111		18		0.0295413		30		68728		4.19122
1111111111111		17		0.0219893		29		68728		4.18642
1111111111111		16		0.0160523		28		68728		4.17898
1111111111111		15		0.0114569		27		68728		4.1785
1111111111111		14		0.00797291		26		68728		4.17634
1111111111111		13		0.00539246		25		68728		4.17008
1111111111111		12		0.00353106		24		68728		4.17922
1111111111111		11		0.00223159		23		68728		4.17862
1111111111111		10		0.00135793		22		68728		4.17648
1111111111111		9		0.000791375		21		68728		4.1784
1111111111111		8		0.000438206		20		68742		4.17816
1111111111111		7		0.000227961		19		68742		4.1672
1111111111111		6		0.000110182		18		68830		4.17512
1111111111111		5		4.87543e-05		17		69154		4.18809
1111111111111		4		1.91102e-05		16		70283		4.19937
1111111111111		3		6.2643e-06		15		75424		4.2218
1111111111111		2		1.53918e-06		14		96777		4.31279
1111111111111		1		2.15143e-07		13		181708		4.67866
