shape		t		lossrate		minCoverage	PM		runtime

1111011010001110011011		13		0.194367		34		62531		5.6759
1111011010001110011011		12		0.142046		33		62560		5.67964
1111011010001110011011		11		0.0975047		32		62579		5.68768
1111011010001110011011		10		0.0614179		31		62590		5.67694
1111011010001110011011		9		0.0339407		30		62591		5.67474
1111011010001110011011		8		0.0160749		28		62594		5.68256
1111011010001110011011		7		0.00608464		26		62594		5.68255
1111011010001110011011		6		0.00173253		24		62594		5.6916
1111011010001110011011		5		0.000331638		22		62594		5.68018
1111011010001110011011		4		3.10476e-05		20		62594		5.68066
1111011010001110011011		3		1.98617e-06		18		62594		5.67721
1111011010001110011011		2		0		16		62595		5.67509
11101110110001110110001		13		0.193982		35		62482		5.66093
11101110110001110110001		12		0.146002		34		62529		5.66686
11101110110001110110001		11		0.104416		33		62554		5.66538
11101110110001110110001		10		0.0708707		32		62568		5.66575
11101110110001110110001		9		0.0446564		30		62585		5.65714
11101110110001110110001		8		0.0255164		28		62591		5.65715
11101110110001110110001		7		0.0127051		26		62594		5.65687
11101110110001110110001		6		0.00542906		24		62594		5.67204
11101110110001110110001		5		0.00189331		22		62594		5.65813
11101110110001110110001		4		0.000497865		20		62594		5.65707
11101110110001110110001		3		8.7152e-05		18		62594		5.661
11101110110001110110001		2		3.77728e-06		16		62613		5.65867
11101110110001110110001		1		0		14		79774		5.69503
1111111111100000111		14		0.180236		32		62501		5.47723
1111111111100000111		13		0.139829		31		62553		5.43884
1111111111100000111		12		0.104544		30		62571		5.54524
1111111111100000111		11		0.0761507		29		62576		5.52043
1111111111100000111		10		0.0516303		28		62585		5.50301
1111111111100000111		9		0.033504		27		62591		5.50027
1111111111100000111		8		0.0189084		26		62594		5.4579
1111111111100000111		7		0.00948777		25		62594		5.39461
1111111111100000111		6		0.00454522		24		62594		5.45925
1111111111100000111		5		0.00179697		22		62594		5.48599
1111111111100000111		4		0.000791118		20		62603		5.41944
1111111111100000111		3		0.000263728		18		62654		5.44134
1111111111100000111		2		5.20159e-05		16		63656		5.42031
1111111111100000111		1		7.12326e-06		14		80503		5.50009
11111111111111		15		0.189603		28		62533		5.41769
11111111111111		14		0.155569		27		62553		5.41962
11111111111111		13		0.125505		26		62566		5.47629
11111111111111		12		0.09952		25		62575		5.44797
11111111111111		11		0.0775739		24		62578		5.40156
11111111111111		10		0.0592622		23		62584		5.46469
11111111111111		9		0.0440712		22		62592		5.39839
11111111111111		8		0.0317244		21		62594		5.4034
11111111111111		7		0.022016		20		62602		5.3994
11111111111111		6		0.0145578		19		62608		5.49861
11111111111111		5		0.00900585		18		62647		5.53948
11111111111111		4		0.00511188		17		62831		5.46714
11111111111111		3		0.00257536		16		63528		5.50644
11111111111111		2		0.0011106		15		66526		5.40801
11111111111111		1		0.000365348		14		79256		5.51703
110101111001100010111		14		0.168015		34		62555		3.14079
110101111001100010111		13		0.118978		33		62569		3.15027
110101111001100010111		12		0.0792969		32		62584		3.1583
110101111001100010111		11		0.0483311		31		62586		3.14729
110101111001100010111		10		0.0253833		30		62592		3.16183
110101111001100010111		9		0.0114045		29		62594		3.14174
110101111001100010111		8		0.00430289		27		62594		3.15416
110101111001100010111		7		0.00129545		25		62594		3.14546
110101111001100010111		6		0.00027684		23		62594		3.1419
110101111001100010111		5		3.26555e-05		21		62594		3.14332
110101111001100010111		4		1.13261e-06		19		62594		3.14182
110101111001100010111		3		0		17		62594		3.14529
11111111110000111		16		0.180233		32		62532		2.91602
11111111110000111		15		0.14148		31		62554		2.93605
11111111110000111		14		0.108818		30		62568		2.94105
11111111110000111		13		0.0807536		29		62579		2.90702
11111111110000111		12		0.0568974		28		62587		2.90295
11111111110000111		11		0.0370675		27		62590		2.91895
11111111110000111		10		0.0212606		26		62594		2.9446
11111111110000111		9		0.0114021		25		62594		2.90935
11111111110000111		8		0.0055066		24		62594		2.92793
11111111110000111		7		0.00264825		23		62594		2.92196
11111111110000111		6		0.000972051		22		62597		2.92585
11111111110000111		5		0.000217848		21		62597		2.91822
11111111110000111		4		1.85361e-05		19		62614		2.8997
11111111110000111		3		0		17		62868		2.92193
1111111111111		17		0.193583		29		62533		2.94276
1111111111111		16		0.157983		28		62555		2.9422
1111111111111		15		0.126775		27		62565		2.94282
1111111111111		14		0.100027		26		62576		2.94134
1111111111111		13		0.077621		25		62579		2.94357
1111111111111		12		0.0589745		24		62588		2.94301
1111111111111		11		0.0435706		23		62591		2.94095
1111111111111		10		0.0312359		22		62595		2.93917
1111111111111		9		0.0216293		21		62597		2.9483
1111111111111		8		0.0142422		20		62604		2.94095
1111111111111		7		0.00869491		19		62608		2.94576
1111111111111		6		0.0049855		18		62647		2.94325
1111111111111		5		0.00265059		17		62831		2.94817
1111111111111		4		0.00129469		16		63528		2.94137
1111111111111		3		0.000553728		15		66526		2.9496
1111111111111		2		0.000190073		14		79257		2.98236
1111111111111		1		4.20218e-05		13		130154		3.06415
1110100111010011101		16		0.162837		34		62552		2.41608
1110100111010011101		15		0.118418		33		62567		2.40561
1110100111010011101		14		0.0816104		32		62577		2.41664
1110100111010011101		13		0.052545		31		62589		2.40943
1110100111010011101		12		0.0309769		30		62592		2.41125
1110100111010011101		11		0.0155513		29		62594		2.41049
1110100111010011101		10		0.00678677		28		62594		2.41418
1110100111010011101		9		0.00245529		27		62594		2.41394
1110100111010011101		8		0.000703161		26		62594		2.42051
1110100111010011101		7		0.000138678		24		62594		2.41292
1110100111010011101		6		1.36328e-05		22		62594		2.40922
1110100111010011101		5		0		20		62594		2.41803
11111111100111		18		0.166814		31		62556		2.23147
11111111100111		17		0.129964		30		62570		2.22585
11111111100111		16		0.0986833		29		62581		2.24
11111111100111		15		0.0726924		28		62588		2.23787
11111111100111		14		0.051882		27		62588		2.23051
11111111100111		13		0.0355989		26		62592		2.23519
11111111100111		12		0.0229456		25		62594		2.23618
11111111100111		11		0.0137038		24		62594		2.23355
11111111100111		10		0.00752311		23		62594		2.22812
11111111100111		9		0.00366042		22		62597		2.23102
11111111100111		8		0.00138724		21		62597		2.23129
11111111100111		7		0.000379951		20		62604		2.23047
11111111100111		6		3.86423e-05		19		62609		2.24713
11111111100111		5		1.52291e-06		18		62662		2.23129
11111111100111		4		0		17		62858		2.23831
111111111111		19		0.192769		30		62538		2.22414
111111111111		18		0.155949		29		62558		2.21975
111111111111		17		0.124027		28		62568		2.22979
111111111111		16		0.0969627		27		62578		2.21701
111111111111		15		0.0743626		26		62584		2.2189
111111111111		14		0.0556009		25		62590		2.223
111111111111		13		0.0403934		24		62592		2.22191
111111111111		12		0.0284343		23		62594		2.21613
111111111111		11		0.0186969		22		62597		2.21893
111111111111		10		0.0118597		21		62597		2.22103
111111111111		9		0.00712031		20		62604		2.2246
111111111111		8		0.00401423		19		62608		2.22143
111111111111		7		0.00214009		18		62647		2.21704
111111111111		6		0.00105253		17		62831		2.22287
111111111111		5		0.000454972		16		63528		2.22484
111111111111		4		0.000163003		15		66530		2.23198
111111111111		3		4.3468e-05		14		79258		2.24706
111111111111		2		6.73579e-06		13		130156		2.36465
111111111111		1		3.11664e-07		12		334710		2.70487
11111101110101		20		0.171203		33		62552		2.48328
11111101110101		19		0.130754		32		62574		2.49033
11111101110101		18		0.0975869		31		62583		2.48478
11111101110101		17		0.0704013		30		62588		2.48263
11111101110101		16		0.0488751		29		62589		2.50054
11111101110101		15		0.0324626		28		62592		2.49005
11111101110101		14		0.0199313		27		62594		2.48278
11111101110101		13		0.0112735		26		62594		2.48366
11111101110101		12		0.00584251		25		62594		2.48595
11111101110101		11		0.00259452		24		62594		2.49106
11111101110101		10		0.000865716		23		62594		2.48915
11111101110101		9		0.000141278		22		62598		2.486
11111101110101		8		3.86265e-06		21		62601		2.485
11111101110101		7		0		20		62611		2.48574
1111111001111		20		0.165291		32		62564		2.27215
1111111001111		19		0.126291		31		62578		2.26784
1111111001111		18		0.0933686		30		62588		2.27179
1111111001111		17		0.0660572		29		62591		2.27027
1111111001111		16		0.0448734		28		62592		2.26918
1111111001111		15		0.0289367		27		62594		2.26946
1111111001111		14		0.0174892		26		62594		2.2831
1111111001111		13		0.00986346		25		62594		2.26844
1111111001111		12		0.0047881		24		62594		2.2688
1111111001111		11		0.00206764		23		62594		2.2705
1111111001111		10		0.000713524		22		62597		2.27057
1111111001111		9		0.000161317		21		62597		2.2695
1111111001111		8		5.87632e-06		20		62604		2.27232
1111111001111		7		0		19		62608		2.27067
11111111111		21		0.186485		31		62545		2.22181
11111111111		20		0.148992		30		62562		2.23564
11111111111		19		0.116926		29		62573		2.22138
11111111111		18		0.0898624		28		62583		2.22419
11111111111		17		0.0673131		27		62590		2.2232
11111111111		16		0.0490092		26		62594		2.2204
11111111111		15		0.0331751		25		62594		2.22098
11111111111		14		0.0219434		24		62594		2.24542
11111111111		13		0.0140701		23		62594		2.22071
11111111111		12		0.00856161		22		62597		2.22403
11111111111		11		0.00487711		21		62597		2.22
11111111111		10		0.00262528		20		62604		2.22051
11111111111		9		0.00130374		19		62608		2.22361
11111111111		8		0.000564955		18		62647		2.22136
11111111111		7		0.000195733		17		62831		2.22392
11111111111		6		4.29984e-05		16		63536		2.22408
11111111111		5		0		15		66531		2.22797
111001001010011101		20		0.186796		37		62551		2.88082
111001001010011101		19		0.131586		36		62570		2.8866
111001001010011101		18		0.0870572		35		62586		2.88537
111001001010011101		17		0.0529047		34		62593		2.88611
111001001010011101		16		0.0287531		33		62594		2.88434
111001001010011101		15		0.0139005		32		62594		2.88367
111001001010011101		14		0.005563		31		62594		2.88135
111001001010011101		13		0.00184735		30		62594		2.88248
111001001010011101		12		0.00051265		29		62594		2.885
111001001010011101		11		0.000111299		28		62594		2.88384
111001001010011101		10		7.96349e-06		27		62594		2.88604
111001001010011101		9		0		26		62594		2.88309
1111111000111		22		0.161963		34		62562		2.91226
1111111000111		21		0.12097		33		62586		2.91913
1111111000111		20		0.0854301		32		62591		2.91566
1111111000111		19		0.0581866		31		62592		2.91978
1111111000111		18		0.0364937		30		62594		2.91816
1111111000111		17		0.0215894		29		62594		2.91792
1111111000111		16		0.0124095		28		62594		2.91855
1111111000111		15		0.00640474		27		62594		2.91658
1111111000111		14		0.0023727		26		62594		2.91969
1111111000111		13		0.000749534		25		62594		2.94619
1111111000111		12		0.000192609		24		62594		2.9165
1111111000111		11		5.87632e-06		23		62594		2.9169
1111111000111		10		0		22		62597		2.91813
1111111111		23		0.174079		32		62552		2.82375
1111111111		22		0.136641		31		62573		2.8256
1111111111		21		0.104799		30		62581		2.82468
1111111111		20		0.0780163		29		62594		2.82324
1111111111		19		0.0532089		28		62594		2.8241
1111111111		18		0.0357975		27		62594		2.82361
1111111111		17		0.0234713		26		62594		2.82545
1111111111		16		0.0148683		25		62594		2.82578
1111111111		15		0.00889117		24		62594		2.83525
1111111111		14		0.00491204		23		62594		2.82145
1111111111		13		0.00250611		22		62597		2.82308
1111111111		12		0.00112384		21		62597		2.82242
1111111111		11		0.000380027		20		62604		2.83938
1111111111		10		0		19		62608		2.82673
