shape		t		lossrate		minCoverage		PM		runtime

1111111111		31		0.1888		40		65409		5.38182
1111111111		30		0.149603		39		65469		6.2606
1111111111		29		0.115484		38		65523		5.72577
1111111111		28		0.0860511		37		65575		5.46297
1111111111		27		0.061262		36		65612		5.69619
1111111111		26		0.0418169		35		65655		5.28558
1111111111		25		0.0278427		34		65690		6.37138
1111111111		24		0.0179789		33		65726		6.8649
1111111111		23		0.0111704		32		65755		5.33021
1111111111		22		0.0065887		31		65793		6.41815
1111111111		21		0.00360244		30		65821		4.86
1111111111		20		0.00174131		29		65849		5.6162
1111111111		19		0.000663542		28		65888		6.67194
1111111111		18		0.000144592		27		65917		5.44728
1111111111		17		0		26		65938		6.07504
1111111111		31		0.1888		40		65409		4.11756
1111111111		30		0.149603		39		65469		4.11111
1111111111		29		0.115484		38		65523		4.11301
1111111111		28		0.0860511		37		65575		4.13046
1111111111		27		0.061262		36		65612		4.10611
1111111111		26		0.0418169		35		65655		4.12276
1111111111		25		0.0278427		34		65690		4.10149
1111111111		24		0.0179789		33		65726		4.11998
1111111111		23		0.0111704		32		65755		4.1111
1111111111		22		0.0065887		31		65793		4.12213
1111111111		21		0.00360244		30		65821		4.12978
1111111111		20		0.00174131		29		65849		4.11351
1111111111		19		0.000663542		28		65888		4.12508
1111111111		18		0.000144592		27		65917		4.15025
1111111111		17		0		26		65938		4.12695
11111110111		29		0.162723		39		65464		4.1066
11111110111		28		0.126661		38		65516		4.1049
11111110111		27		0.0960137		37		65576		4.10207
11111110111		26		0.0706641		36		65606		4.13966
11111110111		25		0.0501618		35		65657		4.11927
11111110111		24		0.0341004		34		65686		4.12102
11111110111		23		0.0221519		33		65725		4.13342
11111110111		22		0.0137853		32		65754		4.15129
11111110111		21		0.00829752		31		65795		4.12924
11111110111		20		0.00480681		30		65815		4.12244
11111110111		19		0.00258974		29		65847		4.14157
11111110111		18		0.00126808		28		65888		4.12697
11111110111		17		0.000557448		27		65916		4.12651
11111110111		16		0.000203582		26		65941		4.13204
11111110111		15		5.39995e-05		25		65966		4.12258
11111110111		14		9.1101e-06		24		65997		4.13091
11111110111		13		8.42986e-07		23		66028		4.12063
11111110111		12		3.17266e-08		22		66062		4.14618
11111110111		11		0		21		66105		4.11348
11111111011		29		0.162706		39		65466		4.32972
11111111011		28		0.127425		38		65517		4.31752
11111111011		27		0.0971457		37		65574		4.32236
11111111011		26		0.0717403		36		65608		4.34481
11111111011		25		0.0510555		35		65655		4.31534
11111111011		24		0.0347735		34		65687		4.33852
11111111011		23		0.0227341		33		65727		4.32375
11111111011		22		0.0144505		32		65752		4.31693
11111111011		21		0.00891799		31		65795		4.34685
11111111011		20		0.00523479		30		65815		4.32093
11111111011		19		0.002862		29		65847		4.3264
11111111011		18		0.00140484		28		65889		4.34899
11111111011		17		0.00059827		27		65917		4.32542
11111111011		16		0.000209637		26		65941		4.32768
11111111011		15		5.43353e-05		25		65968		4.34945
11111111011		14		9.1101e-06		24		65998		4.31441
11111111011		13		8.42986e-07		23		66030		4.33148
11111111011		12		3.17266e-08		22		66064		4.32433
11111111011		11		0		21		66105		4.32114
111111100111		28		0.180298		39		65463		4.04736
111111100111		27		0.142324		38		65506		4.08343
111111100111		26		0.109654		37		65571		4.04863
111111100111		25		0.0824055		36		65607		4.07624
111111100111		24		0.0603081		35		65647		4.04837
111111100111		23		0.0428329		34		65681		4.06689
111111100111		22		0.0294318		33		65716		4.05473
111111100111		21		0.0194607		32		65752		4.05676
111111100111		20		0.0123549		31		65791		4.06171
111111100111		19		0.00749422		30		65818		4.05465
111111100111		18		0.00433978		29		65845		4.052
111111100111		17		0.00239149		28		65883		4.06488
111111100111		16		0.00125066		27		65914		4.06766
111111100111		15		0.000616469		26		65944		4.07732
111111100111		14		0.000283299		25		65967		4.05598
111111100111		13		0.000120084		24		65996		4.07404
111111100111		12		4.61502e-05		23		66028		4.05993
111111100111		11		1.57911e-05		22		66064		4.06111
111111100111		10		4.64862e-06		21		66107		4.08725
111111100111		9		1.13119e-06		20		66150		4.06205
111111100111		8		2.11624e-07		19		66186		4.07694
111111100111		7		2.75428e-08		18		66307		4.06628
111111100111		6		1.83093e-09		17		66633		4.06675
111111100111		5		0		16		67862		4.09808
111111110011		28		0.178486		39		65461		6.71436
111111110011		27		0.141611		38		65507		5.84659
111111110011		26		0.110057		37		65568		5.36297
111111110011		25		0.0834668		36		65611		5.63143
111111110011		24		0.061656		35		65653		4.84624
111111110011		23		0.0441279		34		65683		9.1859
111111110011		22		0.0305708		33		65721		5.01504
111111110011		21		0.0204082		32		65754		5.33881
111111110011		20		0.0131371		31		65792		6.42374
111111110011		19		0.00811578		30		65816		6.84746
111111110011		18		0.00480972		29		65848		5.1962
111111110011		17		0.00271166		28		65884		6.05212
111111110011		16		0.00144594		27		65919		4.74661
111111110011		15		0.000718819		26		65944		5.21547
111111110011		14		0.000329578		25		65971		4.49608
111111110011		13		0.000137038		24		65997		6.06941
111111110011		12		5.11223e-05		23		66032		5.92824
111111110011		11		1.68097e-05		22		66066		8.70866
111111110011		10		4.78186e-06		21		66106		5.08031
111111110011		9		1.13119e-06		20		66152		5.59774
111111110011		8		2.11624e-07		19		66192		6.15625
111111110011		7		2.75428e-08		18		66353		6.73496
111111110011		6		1.83093e-09		17		66774		6.491
111111110011		5		0		16		68425		6.18905
11111111111		28		0.192392		38		65451		4.87213
11111111111		27		0.155219		37		65518		5.39987
11111111111		26		0.12264		36		65568		4.8844
11111111111		25		0.0945984		35		65616		4.22932
11111111111		24		0.07107		34		65661		4.35765
11111111111		23		0.0517534		33		65716		5.56445
11111111111		22		0.0362336		32		65743		5.18518
11111111111		21		0.0244148		31		65785		6.04914
11111111111		20		0.0160177		30		65808		5.69159
11111111111		19		0.0101896		29		65839		5.39546
11111111111		18		0.00623391		28		65878		5.48085
11111111111		17		0.00362068		27		65908		4.7375
11111111111		16		0.00195825		26		65933		4.40044
11111111111		15		0.00095658		25		65957		4.31632
11111111111		14		0.000399567		24		65992		4.78493
11111111111		13		0.00012709		23		66023		3.28462
11111111111		12		2.25261e-05		22		66050		3.1586
11111111111		11		0		21		66098		4.93747
11111111111		28		0.192392		38		65451		3.35559
11111111111		27		0.155219		37		65518		3.32289
11111111111		26		0.12264		36		65568		3.28733
11111111111		25		0.0945984		35		65616		3.30639
11111111111		24		0.07107		34		65661		3.33439
11111111111		23		0.0517534		33		65716		3.35985
11111111111		22		0.0362336		32		65743		3.35164
11111111111		21		0.0244148		31		65785		3.30736
11111111111		20		0.0160177		30		65808		3.30218
11111111111		19		0.0101896		29		65839		3.31929
11111111111		18		0.00623391		28		65878		3.35548
11111111111		17		0.00362068		27		65908		3.25462
11111111111		16		0.00195825		26		65933		3.28353
11111111111		15		0.00095658		25		65957		3.30866
11111111111		14		0.000399567		24		65992		3.33606
11111111111		13		0.00012709		23		66023		3.35821
11111111111		12		2.25261e-05		22		66050		3.36772
11111111111		11		0		21		66098		3.3459
111111110111		26		0.164691		37		65518		3.20554
111111110111		25		0.130501		36		65562		3.21086
111111110111		24		0.101204		35		65621		3.21796
111111110111		23		0.0766177		34		65663		3.21652
111111110111		22		0.0564854		33		65705		3.20886
111111110111		21		0.0403971		32		65739		3.19798
111111110111		20		0.0278426		31		65783		3.19198
111111110111		19		0.0184055		30		65806		3.19231
111111110111		18		0.0116632		29		65835		3.19221
111111110111		17		0.0070948		28		65879		3.19497
111111110111		16		0.00414383		27		65906		3.19772
111111110111		15		0.00230487		26		65934		3.1974
111111110111		14		0.00119613		25		65961		3.19752
111111110111		13		0.000561263		24		65994		3.20354
111111110111		12		0.000233035		23		66018		3.199
111111110111		11		8.40318e-05		22		66054		3.19973
111111110111		10		2.47034e-05		21		66102		3.20064
111111110111		9		5.30732e-06		20		66142		3.20173
111111110111		8		7.37625e-07		19		66176		3.20338
111111110111		7		5.71841e-08		18		66289		3.206
111111110111		6		1.83093e-09		17		66602		3.20819
111111110111		5		0		16		67743		3.21368
111111111011		26		0.164371		37		65516		3.14689
111111111011		25		0.13087		36		65560		3.14029
111111111011		24		0.102005		35		65617		3.12088
111111111011		23		0.0776634		34		65665		3.11848
111111111011		22		0.0575885		33		65706		3.14737
111111111011		21		0.0413713		32		65740		3.14295
111111111011		20		0.0286472		31		65783		3.12613
111111111011		19		0.0190497		30		65806		3.12492
111111111011		18		0.0122003		29		65836		3.12153
111111111011		17		0.00757082		28		65877		3.14404
111111111011		16		0.00452428		27		65906		3.14988
111111111011		15		0.00255963		26		65935		3.131
111111111011		14		0.00134104		25		65963		3.12791
111111111011		13		0.000636171		24		65993		3.12473
111111111011		12		0.000263831		23		66021		3.13678
111111111011		11		9.19869e-05		22		66057		3.1503
111111111011		10		2.57695e-05		21		66102		3.13477
111111111011		9		5.36227e-06		20		66142		3.13158
111111111011		8		7.37625e-07		19		66181		3.12909
111111111011		7		5.71841e-08		18		66299		3.13358
111111111011		6		1.83093e-09		17		66650		3.14068
111111111011		5		0		16		67949		3.14942
1111111100111		25		0.176901		37		65516		4.10033
1111111100111		24		0.141652		36		65558		3.72382
1111111100111		23		0.110939		35		65613		4.92595
1111111100111		22		0.0849134		34		65658		3.29346
1111111100111		21		0.0634366		33		65704		5.02098
1111111100111		20		0.0461976		32		65735		5.12737
1111111100111		19		0.0326757		31		65775		6.31415
1111111100111		18		0.0223661		30		65803		6.96617
1111111100111		17		0.0147539		29		65838		5.1894
1111111100111		16		0.00934377		28		65876		6.50551
1111111100111		15		0.00566486		27		65906		4.62702
1111111100111		14		0.00327053		26		65936		4.19807
1111111100111		13		0.00179142		25		65960		3.87537
1111111100111		12		0.000926006		24		65992		5.64078
1111111100111		11		0.00044936		23		66025		5.84923
1111111100111		10		0.000202948		22		66057		5.59636
1111111100111		9		8.41405e-05		21		66102		3.86418
1111111100111		8		3.15573e-05		20		66145		3.65178
1111111100111		7		1.05159e-05		19		66177		3.36053
1111111100111		6		3.06444e-06		18		66305		6.00637
1111111100111		5		7.60405e-07		17		66624		5.43225
1111111100111		4		1.54093e-07		16		67853		4.44439
1111111100111		3		2.35633e-08		15		72924		4.83377
1111111100111		2		2.23383e-09		13		184536		7.69938
1111111100111		1		7.93721e-11		11		1944031		16.7821
