shape		t		lossrate		minCoverage	PM		runtime

1111011010001110011011		23		0.182745		44		62323		6.39545
1111011010001110011011		22		0.143979		43		62382		6.39684
1111011010001110011011		21		0.109749		42		62416		6.44563
1111011010001110011011		20		0.0799645		41		62446		6.39413
1111011010001110011011		19		0.0556393		40		62465		6.39409
1111011010001110011011		18		0.0368654		39		62474		6.39947
1111011010001110011011		17		0.0225533		38		62480		6.39434
1111011010001110011011		16		0.0121378		37		62489		6.39839
1111011010001110011011		15		0.00573483		36		62492		6.40149
1111011010001110011011		14		0.00246536		35		62493		6.39377
1111011010001110011011		13		0.000984948		34		62497		6.40166
1111011010001110011011		12		0.000332433		33		62497		6.39339
1111011010001110011011		11		8.65603e-05		32		62498		6.39596
1111011010001110011011		10		1.69849e-05		31		62498		6.39309
1111011010001110011011		9		5.50779e-07		30		62498		6.39809
1111011010001110011011		8		0		28		62498		6.3976
11101110110001110110001		23		0.182384		45		62286		6.36191
11101110110001110110001		22		0.146257		44		62350		6.36139
11101110110001110110001		21		0.114475		43		62383		6.36149
11101110110001110110001		20		0.0871454		42		62423		6.36252
11101110110001110110001		19		0.0640967		41		62450		6.36506
11101110110001110110001		18		0.0453055		40		62471		6.40513
11101110110001110110001		17		0.0305021		39		62477		6.36424
11101110110001110110001		16		0.019318		38		62480		6.36572
11101110110001110110001		15		0.0114293		37		62484		6.35989
11101110110001110110001		14		0.00621491		36		62489		6.37138
11101110110001110110001		13		0.00304124		35		62495		6.36196
11101110110001110110001		12		0.00133736		34		62495		6.36494
11101110110001110110001		11		0.000531392		33		62495		6.36361
11101110110001110110001		10		0.000183146		32		62498		6.36267
11101110110001110110001		9		5.10091e-05		30		62498		6.36537
11101110110001110110001		8		1.10572e-05		28		62498		6.36327
11101110110001110110001		7		1.63858e-06		26		62498		6.36534
11101110110001110110001		6		2.12751e-07		24		62498		6.36506
11101110110001110110001		5		0		22		62498		6.36286
