shape		t		lossrate		minCoverage	PM		runtime

1111011010001110011011		4		0.128563		20		55954		4.87111
1111011010001110011011		3		0.0436387		18		56195		4.87765
1111011010001110011011		2		0.0069554		16		56305		4.87351
1111011010001110011011		1		0		14		61840		4.88183
11101110110001110110001		4		0.159893		20		55879		4.8352
11101110110001110110001		3		0.070286		18		56139		4.84045
11101110110001110110001		2		0.0254637		16		56247		4.83252
11101110110001110110001		1		0.00165578		14		61489		4.84563
1111111111100000111		5		0.155289		22		55923		4.80555
1111111111100000111		4		0.0933768		20		56073		4.79704
1111111111100000111		3		0.0500062		18		56200		4.80416
1111111111100000111		2		0.0208639		16		56678		4.80587
1111111111100000111		1		0.0114751		14		62576		4.80753
11111111111111		6		0.198077		19		55828		4.86769
11111111111111		5		0.141137		18		55991		4.87161
11111111111111		4		0.0975384		17		56162		4.87036
11111111111111		3		0.0641897		16		56528		4.8778
11111111111111		2		0.0392907		15		57811		4.87647
11111111111111		1		0.0212509		14		63153		4.88929
110101111001100010111		5		0.168889		21		55866		2.31618
110101111001100010111		4		0.0680899		19		56107		2.3214
110101111001100010111		3		0.0223192		17		56251		2.31431
110101111001100010111		2		0.00262433		15		56334		2.32055
110101111001100010111		1		0		13		79370		2.35497
11111111110000111		6		0.186559		22		55421		2.26351
11111111110000111		5		0.0939601		21		56074		2.26382
11111111110000111		4		0.0365849		19		56220		2.27158
11111111110000111		3		0.0225247		17		56373		2.26669
11111111110000111		2		0.011209		15		58025		2.26427
11111111110000111		1		0.00211904		13		84769		2.30173
1111111111111		7		0.174681		19		55882		2.32569
1111111111111		6		0.124742		18		56026		2.32972
1111111111111		5		0.0860717		17		56180		2.32704
1111111111111		4		0.0568374		16		56538		2.32705
1111111111111		3		0.0348423		15		57822		2.32842
1111111111111		2		0.0193402		14		63159		2.33484
1111111111111		1		0.00859854		13		84814		2.3822
1110100111010011101		6		0.152233		22		55898		1.667
1110100111010011101		5		0.0770262		20		56095		1.67002
1110100111010011101		4		0.0339244		18		56230		1.67066
1110100111010011101		3		0.011272		16		56292		1.66449
1110100111010011101		2		0		14		56614		1.6661
11111111100111		8		0.191935		21		55840		1.64329
11111111100111		7		0.1282		20		56001		1.64022
11111111100111		6		0.0758408		19		56120		1.63961
11111111100111		5		0.0473819		18		56217		1.63919
11111111100111		4		0.0181659		17		56369		1.639
11111111100111		3		0.0054272		16		56726		1.63728
11111111100111		2		0		14		64373		1.65134
111111111111		8		0.151414		19		55935		1.65324
111111111111		7		0.107259		18		56051		1.64933
111111111111		6		0.0735629		17		56201		1.64839
111111111111		5		0.0476858		16		56568		1.65163
111111111111		4		0.0289795		15		57841		1.65082
111111111111		3		0.0158945		14		63165		1.65349
111111111111		2		0.00683172		13		84819		1.69512
111111111111		1		0.0016459		12		174612		1.80488
11111101110101		9		0.174338		22		55870		1.70122
11111101110101		8		0.116118		21		56019		1.70196
11111101110101		7		0.0759089		20		56119		1.70058
11111101110101		6		0.0412756		19		56221		1.70278
11111101110101		5		0.0183996		18		56337		1.70133
11111101110101		4		0.00338757		17		56513		1.70433
11111101110101		3		0		15		57309		1.70525
1111111001111		9		0.167515		21		55902		1.5855
1111111001111		8		0.112552		20		56043		1.58244
1111111001111		7		0.05933		19		56156		1.58303
1111111001111		6		0.0344043		18		56252		1.58515
1111111001111		5		0.0129358		17		56383		1.58372
1111111001111		4		0		16		56701		1.58297
11111111111		10		0.176261		20		55868		1.58579
11111111111		9		0.127497		19		55976		1.59965
11111111111		8		0.0892217		18		56092		1.60565
11111111111		7		0.0593612		17		56249		1.61191
11111111111		6		0.0375137		16		56595		1.60757
11111111111		5		0.0218596		15		57858		1.67502
11111111111		4		0.010482		14		63179		1.85117
11111111111		3		0.00329007		13		84829		1.89052
11111111111		2		0		12		174622		1.81591
111001001010011101		8		0.161312		24		55871		1.88917
111001001010011101		7		0.0771258		22		56087		1.87396
111001001010011101		6		0.0430506		20		56188		1.88059
111001001010011101		5		0.0134625		18		56278		1.8685
111001001010011101		4		0.0028547		16		56322		1.86809
111001001010011101		3		0		14		56377		1.8714
1111111000111		10		0.155798		22		55925		1.95231
1111111000111		9		0.0839362		21		56092		1.97297
1111111000111		8		0.0514639		20		56185		2.0301
1111111000111		7		0.030764		19		56240		1.96719
1111111000111		6		0.0052469		18		56331		1.9611
1111111000111		5		0		17		56440		1.92148
1111111111		11		0.145753		20		55931		1.93674
1111111111		10		0.103544		19		56029		1.92571
1111111111		9		0.0696076		18		56153		1.9208
1111111111		8		0.04456		17		56291		1.93885
1111111111		7		0.0263836		16		56618		1.92954
1111111111		6		0.0125634		15		57882		1.92191
1111111111		5		0		14		63202		1.95013
111001001010001011		9		0.154202		25		55854		2.70436
111001001010001011		8		0.0726268		23		56103		2.70485
111001001010001011		7		0.0307224		21		56235		2.70151
111001001010001011		6		0.0102147		19		56291		2.70027
111001001010001011		5		0.00146372		17		56325		2.69922
111001001010001011		4		0		15		56339		2.69993
111111100011		12		0.140176		23		55923		3.01587
111111100011		11		0.10379		22		56037		3.01209
111111100011		10		0.0705011		21		56128		3.04464
111111100011		9		0.0357034		20		56224		3.00747
111111100011		8		0.0178056		19		56280		3.00923
111111100011		7		0.0016459		18		56365		3.0075
111111100011		6		0		17		56510		3.00288
111111111		13		0.162684		21		55879		3.02828
111111111		12		0.115383		20		56001		3.00752
111111111		11		0.0777937		19		56108		3.00405
111111111		10		0.0495131		18		56205		3.0063
111111111		9		0.028809		17		56330		3.00941
111111111		8		0		16		56672		3.01434
101001111000101		11		0.152098		25		55920		6.40093
101001111000101		10		0.0832889		24		56090		6.46312
101001111000101		9		0.0462872		23		56200		6.41012
101001111000101		8		0.0185519		22		56275		6.43586
101001111000101		7		0.00268173		20		56329		6.39698
101001111000101		6		0		18		56358		6.43107
11111100011		14		0.159792		24		55865		7.1536
11111100011		13		0.119473		23		55994		7.16413
11111100011		12		0.0793798		22		56103		7.16508
11111100011		11		0.0417873		21		56201		7.18556
11111100011		10		0.010482		20		56302		7.18032
11111100011		9		0.00329007		19		56324		7.17196
11111100011		8		0		18		56372		7.16211
11111111		15		0.177592		22		55830		7.17894
11111111		14		0.125266		21		55962		7.19118
11111111		13		0.0833469		20		56091		7.15709
11111111		12		0.0520373		19		56173		7.17137
11111111		11		0		18		56317		7.14427
10110000001100101		11		0.141122		27		55914		18.8131
10110000001100101		10		0.0710699		25		56100		18.7563
10110000001100101		9		0.0269637		23		56229		18.8326
10110000001100101		8		0.00788107		21		56306		18.6821
10110000001100101		7		0.000485256		19		56328		18.8452
10110000001100101		6		0		17		56340		18.6967
1111100011		16		0.178216		25		55801		24.2092
1111100011		15		0.132614		24		55961		24.2845
1111100011		14		0.0901202		23		56069		24.1941
1111100011		13		0.0263836		22		56247		24.1906
1111100011		12		0.0125634		21		56288		24.211
1111100011		11		0		20		56321		24.3824
1111111		17		0.190915		23		55784		24.5347
1111111		16		0.132852		22		55939		24.5157
1111111		15		0.0865989		21		56082		24.4554
1111111		14		0		20		56281		24.4666
