shape		t		lossrate		minCoverage		PM		runtime

1111111111		37		0.135828		46		52546		3.28348
1111111111		36		0		45		53816		3.29981
1111111111		37		0.135828		46		52546		3.42287
1111111111		36		0		45		53816		3.47959
11111110111		36		0.199785		46		52025		4.07868
11111110111		35		0.0727081		45		53449		4.11913
11111110111		34		0.00802712		44		54063		4.11188
11111110111		33		0		43		54379		4.05662
11111111011		36		0.199785		46		52073		4.08096
11111111011		35		0.0727081		45		53486		4.11943
11111111011		34		0.00802712		44		54095		3.86484
11111111011		33		0		43		54418		3.68455
111111100111		35		0.19244		46		51917		3.86314
111111100111		34		0.124629		45		52923		3.88136
111111100111		33		0.0711453		44		53661		3.87131
111111100111		32		0.0220551		43		54202		3.88719
111111100111		31		0.00668888		42		54582		3.42443
111111100111		30		0		41		54847		3.47684
111111110011		35		0.196557		46		51968		4.07557
111111110011		34		0.124629		45		53013		4.31037
111111110011		33		0.0711453		44		53723		4.53445
111111110011		32		0.0220551		43		54275		4.49293
111111110011		31		0.00668888		42		54643		4.46871
111111110011		30		0		41		54896		4.44798
11111111111		35		0.199975		45		52035		2.87586
11111111111		34		0.110592		44		52991		2.82489
11111111111		33		0		43		54091		2.84545
11111111111		35		0.199975		45		52035		2.98004
11111111111		34		0.110592		44		52991		3.0185
11111111111		33		0		43		54091		2.91619
111111110111		34		0.197913		45		51872		3.05308
111111110111		33		0.163151		44		52610		3.11765
111111110111		32		0.059741		43		53759		3.17134
111111110111		31		0.00668888		42		54291		3.1275
111111110111		30		0		41		54572		3.15357
111111111011		34		0.199953		45		51894		3.04764
111111111011		33		0.163151		44		52655		3.08043
111111111011		32		0.059741		43		53787		3.13531
111111111011		31		0.00668888		42		54325		3.09147
111111111011		30		0		41		54609		3.09424
1111111100111		33		0.193566		45		51880		3.46966
1111111100111		32		0.157552		44		52489		3.47873
1111111100111		31		0.102225		43		53332		3.60289
1111111100111		30		0.0581278		42		53955		3.60963
1111111100111		29		0.018237		41		54463		3.66871
1111111100111		28		0.00547334		40		54778		3.62297
1111111100111		27		0		39		54992		3.50767
1111111110011		33		0.19764		45		51906		2.92822
1111111110011		32		0.161281		44		52529		2.89851
1111111110011		31		0.102225		43		53400		2.94431
1111111110011		30		0.0581278		42		54028		2.96035
1111111110011		29		0.018237		41		54515		2.97301
1111111110011		28		0.00547334		40		54812		2.98413
1111111110011		27		0		39		55028		3.1152
111111111111		32		0.163148		43		52601		2.83618
111111111111		31		0.0885015		42		53458		2.91873
111111111111		30		0		41		54318		3.01727
111111111111		32		0.163148		43		52601		2.93973
111111111111		31		0.0885015		42		53458		3.00284
111111111111		30		0		41		54318		2.95406
1111111110111		32		0.196721		44		51855		2.84094
1111111110111		31		0.161456		43		52479		2.84588
1111111110111		30		0.13142		42		53121		4.47957
1111111110111		29		0.0483505		41		54050		5.52299
1111111110111		28		0.00547334		40		54508		5.50373
1111111110111		27		0		39		54788		2.90137
1111111111011		31		0.163302		43		52498		3.76436
1111111111011		30		0.13142		42		53153		3.91125
1111111111011		29		0.0483505		41		54084		3.13606
1111111111011		28		0.00547334		40		54529		3.15355
1111111111011		27		0		39		54803		3.09201
11111111100111		31		0.193319		44		51903		2.85972
11111111100111		30		0.158547		43		52472		2.86333
11111111100111		29		0.12742		42		53016		2.87622
11111111100111		28		0.0827302		41		53692		2.89576
11111111100111		27		0.0467985		40		54268		2.93597
11111111100111		26		0.0147827		39		54689		2.90411
11111111100111		25		0.00438048		38		54955		2.89592
11111111100111		24		0		37		55157		2.86214
11111111110011		30		0.162239		43		52495		2.97351
11111111110011		29		0.130791		42		53039		2.98677
11111111110011		28		0.0827302		41		53767		3.00499
11111111110011		27		0.0467985		40		54313		3.03344
11111111110011		26		0.0147827		39		54729		2.99975
11111111110011		25		0.00438048		38		54982		3.00034
11111111110011		24		0		37		55186		3.0033
1111111111111		30		0.167176		42		52467		3.85447
1111111111111		29		0.130991		41		53129		3.87304
1111111111111		28		0.0699053		40		53841		3.82713
1111111111111		27		0		39		54526		3.94121
1111111111111		30		0.167176		42		52467		4.08132
1111111111111		29		0.130991		41		53129		4.01781
1111111111111		28		0.0699053		40		53841		3.92987
1111111111111		27		0		39		54526		3.95601
11111111110111		30		0.198385		43		51874		4.46928
11111111110111		29		0.160409		42		52482		3.84278
11111111110111		28		0.129902		41		53023		3.88724
11111111110111		27		0.104585		40		53543		3.8862
11111111110111		26		0.0385299		39		54333		4.008
11111111110111		25		0.00438048		38		54741		4.33009
11111111110111		24		0		37		54972		4.07815
11111111111011		30		0.199101		43		51889		4.01579
11111111111011		29		0.166136		42		52462		3.92387
11111111111011		28		0.131569		41		53035		3.966
11111111111011		27		0.104585		40		53577		4.09534
11111111111011		26		0.0385299		39		54354		3.95742
11111111111011		25		0.00438048		38		54758		3.97408
11111111111011		24		0		37		54995		3.97362
111111111100111		29		0.195817		43		51935		3.96608
111111111100111		28		0.158288		42		52516		3.93216
111111111100111		27		0.128267		41		53019		3.99336
111111111100111		26		0.101589		40		53459		3.96239
111111111100111		25		0.0658569		39		54065		3.9639
111111111100111		24		0.0368948		38		54560		3.9162
111111111100111		23		0.0116916		37		54911		3.99813
111111111100111		22		0.00340963		36		55146		4.04954
111111111100111		21		0		35		55331		4.09415
111111111110011		29		0.197149		43		51975		3.75887
111111111110011		28		0.165757		42		52494		3.75038
111111111110011		27		0.131605		41		53020		3.75703
111111111110011		26		0.104621		40		53481		3.75949
111111111110011		25		0.0658569		39		54116		3.79826
111111111110011		24		0.0368948		38		54592		3.80696
111111111110011		23		0.0116916		37		54947		3.94011
111111111110011		22		0.00340963		36		55172		3.887
111111111110011		21		0		35		55349		3.88336
11111111111111		29		0.196911		42		51928		7.47561
11111111111111		28		0.16406		41		52456		7.52582
11111111111111		27		0.134149		40		53036		7.46757
11111111111111		26		0.103761		39		53581		7.32315
11111111111111		25		0.0546236		38		54159		7.52936
11111111111111		24		0		37		54759		7.47693
11111111111111		29		0.196911		42		51928		7.36062
11111111111111		28		0.16406		41		52456		7.29096
11111111111111		27		0.134149		40		53036		7.03127
11111111111111		26		0.103761		39		53581		7.06287
11111111111111		25		0.0546236		38		54159		7.1057
11111111111111		24		0		37		54759		7.34648
111111111110111		28		0.193332		42		51967		7.39496
111111111110111		27		0.161776		41		52511		7.6086
111111111110111		26		0.128963		40		53039		7.36681
111111111110111		25		0.103201		39		53494		7.43509
111111111110111		24		0.0817837		38		53952		7.62739
111111111110111		23		0.0300159		37		54613		7.83392
111111111110111		22		0.00340963		36		54978		7.46104
111111111110111		21		0		35		55178		7.69757
111111111111011		28		0.194067		42		51985		7.24057
111111111111011		27		0.162415		41		52534		7.20043
111111111111011		26		0.134016		40		53012		7.22662
111111111111011		25		0.104698		39		53490		7.24043
111111111111011		24		0.0817837		38		53976		7.21607
111111111111011		23		0.0300159		37		54623		7.20652
111111111111011		22		0.00340963		36		54991		7.07275
111111111111011		21		0		35		55194		7.04278
1111111111100111		27		0.190242		42		52069		7.18648
1111111111100111		26		0.160238		41		52534		7.16552
1111111111100111		25		0.127915		40		53060		7.237
1111111111100111		24		0.102221		39		53477		7.0115
1111111111100111		23		0.0794559		38		53908		7.1089
1111111111100111		22		0.0511896		37		54436		7.09746
1111111111100111		21		0.0282724		36		54837		7.19528
1111111111100111		20		0.00896258		35		55116		7.07935
1111111111100111		19		0.00256044		34		55337		7.10203
1111111111100111		18		0		33		55492		6.99178
1111111111110011		27		0.19166		42		52106		7.2011
1111111111110011		26		0.161443		41		52569		7.19559
1111111111110011		25		0.134458		40		53012		7.19341
1111111111110011		24		0.105226		39		53492		7.03744
1111111111110011		23		0.0821532		38		53926		7.07115
1111111111110011		22		0.0511896		37		54466		7.24337
1111111111110011		21		0.0282724		36		54858		7.05172
1111111111110011		20		0.00896258		35		55155		7.13339
1111111111110011		19		0.00256044		34		55351		7.05713
1111111111110011		18		0		33		55507		7.07357
