shape		t		lossrate		minCoverage	PM		runtime

1111011010001110011011		13		0.175013		34		55254		5.24824
1111011010001110011011		12		0.113312		33		55545		5.23014
1111011010001110011011		11		0.0599433		32		55802		5.23238
1111011010001110011011		10		0.0288865		31		55986		5.22981
1111011010001110011011		9		0.0186139		30		56050		5.23284
1111011010001110011011		8		0.0100821		28		56128		5.24827
1111011010001110011011		7		0.0035015		26		56190		5.2333
1111011010001110011011		6		0		24		56225		5.23287
11101110110001110110001		13		0.183481		35		55221		5.21052
11101110110001110110001		12		0.126798		34		55487		5.20288
11101110110001110110001		11		0.083669		33		55711		5.20676
11101110110001110110001		10		0.0492922		32		55899		5.20662
11101110110001110110001		9		0.0281084		30		56022		5.24238
11101110110001110110001		8		0.0157342		28		56098		5.21965
11101110110001110110001		7		0.00777981		26		56161		5.20589
11101110110001110110001		6		0.00354172		24		56190		5.20526
11101110110001110110001		5		0.000529609		22		56226		5.2012
11101110110001110110001		4		0		20		56236		5.20767
1111111111100000111		15		0.176565		33		55261		5.08441
1111111111100000111		14		0.108393		32		55582		5.10882
1111111111100000111		13		0.0857084		31		55696		5.16565
1111111111100000111		12		0.066062		30		55807		5.11035
1111111111100000111		11		0.0478813		29		55919		5.07986
1111111111100000111		10		0.0303897		28		56033		5.14149
1111111111100000111		9		0.0117428		27		56145		5.14381
1111111111100000111		8		0.00509583		26		56187		5.12449
1111111111100000111		7		0.00127239		25		56215		5.12495
1111111111100000111		6		0		24		56228		5.16072
11111111111111		17		0.178064		30		55274		5.0698
11111111111111		16		0.142115		29		55438		5.09969
11111111111111		15		0.112404		28		55595		5.10915
11111111111111		14		0.0866954		27		55728		5.06548
11111111111111		13		0.0649266		26		55847		5.09316
11111111111111		12		0.0477388		25		55937		5.11751
11111111111111		11		0.033836		24		56006		5.14201
11111111111111		10		0.0224594		23		56072		5.07584
11111111111111		9		0.0127636		22		56131		5.06603
11111111111111		8		0		21		56209		5.1022
110101111001100010111		14		0.143771		34		55395		2.68514
110101111001100010111		13		0.0922115		33		55650		2.68905
110101111001100010111		12		0.0530515		32		55856		2.70115
110101111001100010111		11		0.0276509		31		56001		2.69183
110101111001100010111		10		0.0137986		30		56095		2.6903
110101111001100010111		9		0.00474607		29		56165		2.68681
110101111001100010111		8		0.000417017		27		56220		2.68557
110101111001100010111		7		0		25		56234		2.70235
11111111110000111		17		0.145643		33		55386		2.54128
11111111110000111		16		0.115389		32		55564		2.53099
11111111110000111		15		0.0931796		31		55677		2.5238
11111111110000111		14		0.0705577		30		55785		2.54833
11111111110000111		13		0.0425226		29		55946		2.57152
11111111110000111		12		0.0286908		28		56036		2.51742
11111111110000111		11		0.016946		27		56121		2.52049
11111111110000111		10		0.00313346		26		56196		2.5724
11111111110000111		9		0.000789381		25		56220		2.52362
11111111110000111		8		0		24		56228		2.53775
1111111111111		19		0.192057		31		55197		2.59247
1111111111111		18		0.153279		30		55397		2.55257
1111111111111		17		0.121058		29		55546		2.54979
1111111111111		16		0.09352		28		55696		2.55215
1111111111111		15		0.0700384		27		55808		2.54906
1111111111111		14		0.0513667		26		55916		2.55067
1111111111111		13		0.0361972		25		55990		2.55068
1111111111111		12		0.0236712		24		56056		2.55852
1111111111111		11		0		23		56189		2.55094
1110100111010011101		17		0.199535		35		55142		1.97971
1110100111010011101		16		0.146681		34		55367		1.98829
1110100111010011101		15		0.0912233		33		55656		1.98825
1110100111010011101		14		0.0615261		32		55830		1.9847
1110100111010011101		13		0.0323417		31		55962		1.98686
1110100111010011101		12		0.0111491		30		56097		1.98771
1110100111010011101		11		0.00253551		29		56181		1.98563
1110100111010011101		10		0.000215279		28		56212		1.98876
1110100111010011101		9		0		27		56224		1.98897
11111111100111		20		0.182652		33		55235		1.85249
11111111100111		19		0.13701		32		55450		1.84156
11111111100111		18		0.107159		31		55598		1.84914
11111111100111		17		0.0819819		30		55733		1.85943
11111111100111		16		0.0610343		29		55835		1.86958
11111111100111		15		0.033836		28		55983		1.84541
11111111100111		14		0.0224594		27		56057		1.85089
11111111100111		13		0.0127636		26		56123		1.84835
11111111100111		12		0		25		56204		1.85195
111111111111		20		0.163452		31		55336		1.83362
111111111111		19		0.128815		30		55516		1.83155
111111111111		18		0.0990432		29		55659		1.83516
111111111111		17		0.0738555		28		55785		1.83716
111111111111		16		0.0537761		27		55892		1.83656
111111111111		15		0.0373421		26		55980		1.83735
111111111111		14		0		25		56162		1.83709
11111101110101		21		0.173713		34		55276		2.10622
11111101110101		20		0.126132		33		55498		2.10685
11111101110101		19		0.0908488		32		55679		2.10511
11111101110101		18		0.0655713		31		55809		2.10413
11111101110101		17		0.0477654		30		55919		2.10493
11111101110101		16		0.0279654		29		56022		2.10692
11111101110101		15		0.0127636		28		56110		2.10749
11111101110101		14		0		27		56197		2.10655
1111111001111		22		0.19503		34		55160		1.91834
1111111001111		21		0.155534		33		55344		1.91939
1111111001111		20		0.111445		32		55566		1.92097
1111111001111		19		0.0700384		31		55763		1.9218
1111111001111		18		0.0513667		30		55861		1.92024
1111111001111		17		0.0361972		29		55960		1.92303
1111111001111		16		0.0236712		28		56045		1.92647
1111111001111		15		0		27		56181		1.92207
11111111111		22		0.172615		32		55287		1.88701
11111111111		21		0.135597		31		55470		1.88925
11111111111		20		0.103636		30		55638		1.88952
11111111111		19		0.0765015		29		55769		1.89187
11111111111		18		0.0550172		28		55885		1.89222
11111111111		17		0		27		56133		1.89476
111001001010011101		19		0.154621		36		55305		2.44659
111001001010011101		18		0.0893391		35		55634		2.44912
111001001010011101		17		0.0531599		34		55848		2.45054
111001001010011101		16		0.0201845		33		56019		2.45233
111001001010011101		15		0.00517608		32		56142		2.44979
111001001010011101		14		0.000862422		31		56194		2.45216
111001001010011101		13		0		30		56213		2.44959
1111111000111		23		0.175969		35		55246		2.42441
1111111000111		22		0.145253		34		55412		2.42479
1111111000111		21		0.096274		33		55636		2.42338
1111111000111		20		0.0513667		32		55848		2.42403
1111111000111		19		0.0361972		31		55938		2.42382
1111111000111		18		0.0236712		30		56043		2.42584
1111111000111		17		0		29		56184		2.42686
1111111111		24		0.181032		33		55234		2.3762
1111111111		23		0.141186		32		55436		2.37297
1111111111		22		0.107052		31		55611		2.38168
1111111111		21		0.077984		30		55759		2.38078
1111111111		20		0		29		56108		2.37797
111001001010001011		21		0.196298		38		55109		3.67343
111001001010001011		20		0.110316		37		55524		3.66448
111001001010001011		19		0.0634327		36		55774		3.66346
111001001010001011		18		0.0351648		35		55938		3.67785
111001001010001011		17		0.0115853		34		56086		3.65218
111001001010001011		16		0.00239396		33		56175		3.64906
111001001010001011		15		0		32		56209		3.66115
111111100011		25		0.189174		36		55203		3.74681
111111100011		24		0.135192		35		55467		3.74142
111111100011		23		0.10411		34		55601		3.7319
111111100011		22		0.0537761		33		55844		3.73976
111111100011		21		0.0373421		32		55940		3.74142
111111100011		20		0		31		56149		3.73086
111111111		26		0.188167		34		55203		3.66676
111111111		25		0.145525		33		55407		3.65532
111111111		24		0.108985		32		55598		3.64911
111111111		23		0		31		56071		3.65587
