shape		t		lossrate		minCoverage		PM		runtime

1111111111		19		0.178782		28		59049		4.03517
1111111111		18		0.129517		27		59175		3.31562
1111111111		17		0.091367		26		59298		3.25495
1111111111		16		0.06261		25		59400		3.10159
1111111111		15		0.0409285		24		59484		3.3084
1111111111		14		0.024839		23		59559		3.46554
1111111111		13		0.0128051		22		59622		3.26017
1111111111		12		0.00404867		21		59673		3.47954
1111111111		11		0		20		59731		3.65827
1111111111		19		0.178782		28		59049		3.08315
1111111111		18		0.129517		27		59175		3.19017
1111111111		17		0.091367		26		59298		3.59555
1111111111		16		0.06261		25		59400		2.81989
1111111111		15		0.0409285		24		59484		3.23072
1111111111		14		0.024839		23		59559		3.48455
1111111111		13		0.0128051		22		59622		3.69882
1111111111		12		0.00404867		21		59673		3.2619
1111111111		11		0		20		59731		3.44522
11111110111		18		0.188517		28		59033		3.41619
11111110111		17		0.132584		27		59188		3.32542
11111110111		16		0.0908062		26		59305		3.11232
11111110111		15		0.0622782		25		59413		3.6352
11111110111		14		0.0414969		24		59498		4.23312
11111110111		13		0.0251825		23		59576		3.37134
11111110111		12		0.0140766		22		59627		3.66989
11111110111		11		0.00711655		21		59684		3.34239
11111110111		10		0.00245473		20		59736		3.73536
11111110111		9		0.000435758		19		59781		3.58984
11111110111		8		2.86037e-05		18		59842		3.74429
11111110111		7		0		17		60047		3.76037
11111111011		18		0.18367		28		59047		3.60886
11111111011		17		0.129606		27		59189		3.4578
11111111011		16		0.0922074		26		59314		3.57918
11111111011		15		0.0644333		25		59414		4.02347
11111111011		14		0.0430866		24		59496		3.26638
11111111011		13		0.0272046		23		59574		3.46693
11111111011		12		0.0150166		22		59634		3.24874
11111111011		11		0.00723843		21		59686		3.18024
11111111011		10		0.00245473		20		59738		3.20661
11111111011		9		0.000435758		19		59783		3.25334
11111111011		8		2.86037e-05		18		59849		3.69077
11111111011		7		0		17		60066		3.49683
111111100111		17		0.19594		28		58998		3.60462
111111100111		16		0.14507		27		59158		3.63664
111111100111		15		0.101926		26		59309		3.66145
111111100111		14		0.0681		25		59418		3.60465
111111100111		13		0.0443329		24		59496		3.77615
111111100111		12		0.0275412		23		59580		3.46131
111111100111		11		0.0164382		22		59644		3.53181
111111100111		10		0.00892017		21		59689		3.38481
111111100111		9		0.00445502		20		59736		3.19724
111111100111		8		0.00194975		19		59781		3.55487
111111100111		7		0.000734242		18		59846		3.61339
111111100111		6		0.000212484		17		60053		3.82782
111111100111		5		4.37954e-05		16		60696		3.65553
111111100111		4		4.76827e-06		15		63387		3.61835
111111100111		3		0		14		74613		3.76239
111111110011		17		0.19282		28		59021		3.49266
111111110011		16		0.142402		27		59180		3.11623
111111110011		15		0.0997775		26		59313		2.61926
111111110011		14		0.068998		25		59417		3.53316
111111110011		13		0.046029		24		59507		3.40864
111111110011		12		0.0300301		23		59587		2.79724
111111110011		11		0.0181182		22		59642		3.1468
111111110011		10		0.0100039		21		59689		3.10788
111111110011		9		0.00484518		20		59741		3.88822
111111110011		8		0.00207008		19		59783		2.99492
111111110011		7		0.000734242		18		59867		3.46612
111111110011		6		0.000212484		17		60116		3.51375
111111110011		5		4.37954e-05		16		60990		3.76901
111111110011		4		4.76827e-06		15		64564		3.67277
111111110011		3		0		14		79069		3.74467
11111111111		17		0.194733		27		59048		2.59067
11111111111		16		0.143156		26		59180		2.45628
11111111111		15		0.103004		25		59306		2.81367
11111111111		14		0.0727017		24		59404		2.88798
11111111111		13		0.0496168		23		59499		2.62697
11111111111		12		0.0323476		22		59566		2.36429
11111111111		11		0.0197779		21		59642		2.52899
11111111111		10		0.0108854		20		59698		2.47664
11111111111		9		0.0048968		19		59757		2.67271
11111111111		8		0.0013126		18		59834		2.60494
11111111111		7		0		17		60029		2.804
11111111111		17		0.194733		27		59048		3.01965
11111111111		16		0.143156		26		59180		2.55666
11111111111		15		0.103004		25		59306		2.55062
11111111111		14		0.0727017		24		59404		2.82065
11111111111		13		0.0496168		23		59499		2.52029
11111111111		12		0.0323476		22		59566		2.43599
11111111111		11		0.0197779		21		59642		2.92142
11111111111		10		0.0108854		20		59698		2.68156
11111111111		9		0.0048968		19		59757		2.44884
11111111111		8		0.0013126		18		59834		3.06856
11111111111		7		0		17		60029		3.02134
111111110111		15		0.146976		26		59198		2.77193
111111110111		14		0.102997		25		59317		2.78637
111111110111		13		0.070474		24		59417		3.06263
111111110111		12		0.0477812		23		59509		3.01687
111111110111		11		0.0313482		22		59590		2.69182
111111110111		10		0.019317		21		59656		2.80892
111111110111		9		0.0105209		20		59713		2.92541
111111110111		8		0.0050781		19		59768		2.68312
111111110111		7		0.00208769		18		59836		2.89066
111111110111		6		0.0005818		17		60039		2.911
111111110111		5		8.54755e-05		16		60631		2.56202
111111110111		4		4.76827e-06		15		63104		2.84674
111111110111		3		0		14		73455		2.87369
111111111011		16		0.199398		27		59044		2.86741
111111111011		15		0.144173		26		59203		2.7556
111111111011		14		0.101627		25		59319		2.76527
111111111011		13		0.0718113		24		59419		2.38597
111111111011		12		0.0495849		23		59508		2.64538
111111111011		11		0.0328006		22		59592		2.86784
111111111011		10		0.0203536		21		59659		2.23097
111111111011		9		0.0115617		20		59715		2.57041
111111111011		8		0.00551425		19		59772		2.74736
111111111011		7		0.00214116		18		59840		2.7546
111111111011		6		0.0005818		17		60056		3.10261
111111111011		5		8.54755e-05		16		60747		2.48125
111111111011		4		4.76827e-06		15		63549		2.39837
111111111011		3		0		14		75088		2.50382
1111111100111		15		0.197827		27		58961		2.83725
1111111100111		14		0.150278		26		59165		2.79138
1111111100111		13		0.109463		25		59305		2.256
1111111100111		12		0.0759856		24		59419		2.88991
1111111100111		11		0.0500591		23		59515		2.33828
1111111100111		10		0.0319307		22		59608		2.80568
1111111100111		9		0.019406		21		59668		2.93296
1111111100111		8		0.0111945		20		59722		2.48506
1111111100111		7		0.00581521		19		59768		2.37875
1111111100111		6		0.00265751		18		59837		2.89294
1111111100111		5		0.0010571		17		60044		2.71033
1111111100111		4		0.00035412		16		60691		2.49371
1111111100111		3		9.54696e-05		15		63378		2.87698
1111111100111		2		1.8658e-05		13		122887		2.94907
1111111100111		1		1.66104e-06		11		1068526		4.4178
1111111110011		15		0.197042		27		58984		3.0642
1111111110011		14		0.148919		26		59188		2.48056
1111111110011		13		0.108512		25		59309		2.75383
1111111110011		12		0.0754434		24		59420		2.75164
1111111110011		11		0.0513912		23		59528		2.03395
1111111110011		10		0.0338108		22		59606		1.98921
1111111110011		9		0.0213664		21		59664		1.99801
1111111110011		8		0.0125498		20		59722		3.01092
1111111110011		7		0.00663079		19		59773		2.80708
1111111110011		6		0.00307878		18		59859		2.48836
1111111110011		5		0.00120546		17		60106		2.97405
1111111110011		4		0.000386313		16		60983		2.81921
1111111110011		3		9.54696e-05		15		64554		2.85677
1111111110011		2		1.8658e-05		13		125107		2.75507
1111111110011		1		1.66104e-06		11		1067773		4.30535
111111111111		14		0.151497		25		59206		3.00078
111111111111		13		0.110076		24		59316		2.9335
111111111111		12		0.0787434		23		59427		3.13207
111111111111		11		0.0548347		22		59520		3.09277
111111111111		10		0.0368092		21		59592		2.87968
111111111111		9		0.0235617		20		59665		3.10245
111111111111		8		0.0140911		19		59729		2.25587
111111111111		7		0.00761208		18		59811		2.97802
111111111111		6		0.00351599		17		60019		2.86353
111111111111		5		0.00122348		16		60586		2.51404
111111111111		4		0.000221358		15		62961		2.79143
111111111111		3		0		14		72863		3.40589
111111111111		14		0.151497		25		59206		2.88804
111111111111		13		0.110076		24		59316		2.19662
111111111111		12		0.0787434		23		59427		3.21511
111111111111		11		0.0548347		22		59520		3.28971
111111111111		10		0.0368092		21		59592		2.25399
111111111111		9		0.0235617		20		59665		2.77639
111111111111		8		0.0140911		19		59729		3.06701
111111111111		7		0.00761208		18		59811		3.2001
111111111111		6		0.00351599		17		60019		2.80824
111111111111		5		0.00122348		16		60586		2.75092
111111111111		4		0.000221358		15		62961		2.8948
111111111111		3		0		14		72863		2.79424
1111111110111		14		0.199234		26		59007		2.68298
1111111110111		13		0.151713		25		59211		2.59575
1111111110111		12		0.109791		24		59328		3.04321
1111111110111		11		0.0760814		23		59434		2.85314
1111111110111		10		0.0512817		22		59535		2.82307
1111111110111		9		0.0339524		21		59616		2.88863
1111111110111		8		0.0214159		20		59688		2.86516
1111111110111		7		0.0125286		19		59745		3.1893
1111111110111		6		0.00654313		18		59823		2.42602
1111111110111		5		0.00282315		17		60028		2.77039
1111111110111		4		0.000960535		16		60622		2.79892
1111111110111		3		0.000231972		15		63103		2.44744
1111111110111		2		3.14901e-05		14		73449		2.62931
1111111110111		1		1.66104e-06		12		312892		3.78357
1111111111011		14		0.199082		26		59018		3.44406
1111111111011		13		0.151548		25		59219		3.58576
1111111111011		12		0.108576		24		59329		2.79707
1111111111011		11		0.0758538		23		59437		3.33396
1111111111011		10		0.0525952		22		59534		3.29894
1111111111011		9		0.0353897		21		59617		2.84955
1111111111011		8		0.0226126		20		59686		2.6053
1111111111011		7		0.0134424		19		59743		2.71424
1111111111011		6		0.00714448		18		59828		2.84893
1111111111011		5		0.00321633		17		60047		2.57798
1111111111011		4		0.00108458		16		60739		2.85502
1111111111011		3		0.000244321		15		63544		3.02986
1111111111011		2		3.14901e-05		14		75080		2.25671
1111111111011		1		1.66104e-06		12		311327		2.87228
11111111100111		13		0.191109		26		58948		3.20146
11111111100111		12		0.147849		25		59155		3.13853
11111111100111		11		0.10933		24		59305		2.80009
11111111100111		10		0.0775734		23		59436		2.72854
11111111100111		9		0.0522185		22		59552		2.97416
11111111100111		8		0.0333329		21		59635		2.91079
11111111100111		7		0.0201237		20		59702		2.94026
11111111100111		6		0.0113185		19		59760		3.06992
11111111100111		5		0.00583994		18		59829		2.37853
11111111100111		4		0.00254385		17		60038		3.38187
11111111100111		3		0.00096818		16		60689		2.97605
11111111100111		2		0.000233556		14		74871		3.148
11111111100111		1		5.64388e-05		12		306212		3.61456
11111111110011		13		0.191096		26		58966		2.71199
11111111110011		12		0.147971		25		59170		2.76731
11111111110011		11		0.109335		24		59322		2.63462
11111111110011		10		0.0778887		23		59450		2.80255
11111111110011		9		0.052962		22		59562		2.81284
11111111110011		8		0.0348716		21		59632		2.99733
11111111110011		7		0.0219007		20		59697		2.957
11111111110011		6		0.0129127		19		59758		2.93835
11111111110011		5		0.00684765		18		59851		2.94362
11111111110011		4		0.00308533		17		60102		2.48299
11111111110011		3		0.00117278		16		60980		2.90092
11111111110011		2		0.000308219		14		75603		2.75111
11111111110011		1		6.69139e-05		12		306139		3.20929
1111111111111		13		0.199714		25		58963		4.10585
1111111111111		12		0.154349		24		59226		4.29137
1111111111111		11		0.112501		23		59351		4.64556
1111111111111		10		0.0807718		22		59455		4.34645
1111111111111		9		0.056552		21		59551		4.43819
1111111111111		8		0.0382872		20		59628		3.78402
1111111111111		7		0.0248062		19		59700		4.40501
1111111111111		6		0.0151159		18		59780		4.0936
1111111111111		5		0.00844851		17		59998		5.00028
1111111111111		4		0.00415279		16		60575		4.22037
1111111111111		3		0.00166541		15		62957		4.38886
1111111111111		2		0.000461889		14		72860		4.63177
1111111111111		1		5.60329e-05		13		111809		4.49274
1111111111111		13		0.199714		25		58963		4.32206
1111111111111		12		0.154349		24		59226		3.90727
1111111111111		11		0.112501		23		59351		4.11953
1111111111111		10		0.0807718		22		59455		4.22895
1111111111111		9		0.056552		21		59551		4.39917
1111111111111		8		0.0382872		20		59628		4.21954
1111111111111		7		0.0248062		19		59700		4.30922
1111111111111		6		0.0151159		18		59780		4.73858
1111111111111		5		0.00844851		17		59998		4.31737
1111111111111		4		0.00415279		16		60575		4.65733
1111111111111		3		0.00166541		15		62957		3.92541
1111111111111		2		0.000461889		14		72860		4.34068
1111111111111		1		5.60329e-05		13		111809		4.18543
11111111110111		12		0.18904		25		58942		3.97885
11111111110111		11		0.14704		24		59191		4.32704
11111111110111		10		0.10899		23		59359		4.3513
11111111110111		9		0.076892		22		59465		3.7439
11111111110111		8		0.051788		21		59566		4.18158
11111111110111		7		0.0336225		20		59656		4.06064
11111111110111		6		0.0209685		19		59727		4.31948
11111111110111		5		0.0121102		18		59805		4.01677
11111111110111		4		0.00612939		17		60019		3.85774
11111111110111		3		0.00246632		16		60617		3.96104
11111111110111		2		0.000632204		15		63104		4.60311
11111111110111		1		6.69139e-05		13		121828		4.43546
11111111111011		12		0.189421		25		58955		4.02982
11111111111011		11		0.147316		24		59203		4.11831
11111111111011		10		0.109291		23		59366		4.25286
11111111111011		9		0.0767881		22		59473		4.2583
11111111111011		8		0.0523297		21		59571		4.68318
11111111111011		7		0.034879		20		59656		4.14501
11111111111011		6		0.0221611		19		59726		3.6032
11111111111011		5		0.0130427		18		59811		3.71054
11111111111011		4		0.00683382		17		60038		4.30787
11111111111011		3		0.0029096		16		60733		4.04996
11111111111011		2		0.00080653		15		63542		4.66584
11111111111011		1		9.42154e-05		13		121936		4.22142
111111111100111		11		0.179399		25		58946		4.15843
111111111100111		10		0.138764		24		59165		4.18678
111111111100111		9		0.103365		23		59339		4.61443
111111111100111		8		0.0732928		22		59480		4.16756
111111111100111		7		0.0494216		21		59590		4.28246
111111111100111		6		0.0310531		20		59671		4.14886
111111111100111		5		0.0181285		19		59744		3.72371
111111111100111		4		0.00917948		18		59824		4.32399
111111111100111		3		0.00431879		17		60033		3.78007
111111111100111		2		0.00128586		15		63423		4.33535
111111111100111		1		0.000434874		13		119453		4.1987
111111111110011		11		0.179862		25		58957		4.51539
111111111110011		10		0.139551		24		59186		4.28802
111111111110011		9		0.10429		23		59357		4.19379
111111111110011		8		0.0743043		22		59494		4.45597
111111111110011		7		0.0506531		21		59594		4.83839
111111111110011		6		0.0326462		20		59674		4.4589
111111111110011		5		0.0198469		19		59747		4.24398
111111111110011		4		0.0107788		18		59847		3.80507
111111111110011		3		0.00531256		17		60095		4.86102
111111111110011		2		0.00176084		15		63794		4.18511
111111111110011		1		0.000577775		13		119524		4.45883
11111111111111		11		0.186738		24		58950		8.71973
11111111111111		10		0.14669		23		59187		8.54686
11111111111111		9		0.109909		22		59390		9.33374
11111111111111		8		0.0785376		21		59497		8.9579
11111111111111		7		0.0545966		20		59591		9.06463
11111111111111		6		0.036592		19		59673		9.30937
11111111111111		5		0.0233486		18		59762		8.21693
11111111111111		4		0.01388		17		59982		9.03213
11111111111111		3		0.00742605		16		60563		9.63704
11111111111111		2		0.00334959		15		62948		9.2506
11111111111111		1		0.00106493		14		72859		8.68592
11111111111111		11		0.186738		24		58950		9.09347
11111111111111		10		0.14669		23		59187		9.13563
11111111111111		9		0.109909		22		59390		8.93817
11111111111111		8		0.0785376		21		59497		8.7401
11111111111111		7		0.0545966		20		59591		8.36637
11111111111111		6		0.036592		19		59673		9.16382
11111111111111		5		0.0233486		18		59762		8.81857
11111111111111		4		0.01388		17		59982		8.89185
11111111111111		3		0.00742605		16		60563		9.25527
11111111111111		2		0.00334959		15		62948		8.8597
11111111111111		1		0.00106493		14		72859		9.06508
111111111110111		10		0.174484		24		58977		8.57671
111111111110111		9		0.135543		23		59189		9.01473
111111111110111		8		0.101298		22		59396		9.75731
111111111110111		7		0.07188		21		59511		8.79564
111111111110111		6		0.0480868		20		59615		7.83049
111111111110111		5		0.0303013		19		59704		9.38219
111111111110111		4		0.0178441		18		59796		9.48772
111111111110111		3		0.00929713		17		60013		8.6921
111111111110111		2		0.00348057		16		60613		9.0995
111111111110111		1		0.000577775		14		74746		8.87176
111111111111011		10		0.174889		24		58980		8.52612
111111111111011		9		0.136251		23		59202		10.0572
111111111111011		8		0.101952		22		59403		8.3443
111111111111011		7		0.0725492		21		59517		9.0321
111111111111011		6		0.0487606		20		59613		9.54334
111111111111011		5		0.0313056		19		59706		8.42233
111111111111011		4		0.0189908		18		59800		9.45725
111111111111011		3		0.0103282		17		60033		8.88748
111111111111011		2		0.00432171		16		60731		8.82114
111111111111011		1		0.000870168		14		74912		9.25504
1111111111100111		9		0.163371		24		59022		8.00651
1111111111100111		8		0.125591		23		59227		7.79379
1111111111100111		7		0.0923728		22		59391		9.02637
1111111111100111		6		0.0644111		21		59537		9.28736
1111111111100111		5		0.0420504		20		59637		8.7634
1111111111100111		4		0.0241964		19		59730		9.12261
1111111111100111		3		0.0130692		18		59819		8.81513
1111111111100111		2		0.0044585		16		60807		8.80469
1111111111100111		1		0.00181928		14		74351		9.33314
1111111111110011		9		0.163894		24		59017		8.00371
1111111111110011		8		0.126822		23		59236		8.72432
1111111111110011		7		0.0938805		22		59404		9.18329
1111111111110011		6		0.0661653		21		59539		8.11147
1111111111110011		5		0.0438649		20		59649		9.28122
1111111111110011		4		0.0265131		19		59732		9.01843
1111111111110011		3		0.01493		18		59840		8.91249
1111111111110011		2		0.00581545		16		60820		8.42467
1111111111110011		1		0.0024557		14		74450		9.25239
