shape		t		lossrate		minCoverage	PM		runtime

1111011010001110011011		6		0.125042		24		55902		4.94306
1111011010001110011011		5		0.0652958		22		56123		4.94106
1111011010001110011011		4		0.0258389		20		56259		4.94207
1111011010001110011011		3		0.00519934		18		56342		4.94304
1111011010001110011011		2		0		16		56375		4.93799
11101110110001110110001		6		0.156474		24		55677		4.90861
11101110110001110110001		5		0.0867436		22		56044		4.90856
11101110110001110110001		4		0.0423764		20		56202		4.91013
11101110110001110110001		3		0.0182572		18		56299		4.90697
11101110110001110110001		2		0.00533982		16		56362		4.91806
11101110110001110110001		1		0		14		63014		4.92328
1111111111100000111		7		0.180771		25		55372		4.95057
1111111111100000111		6		0.0910264		24		56038		4.9134
1111111111100000111		5		0.0408217		22		56221		4.96112
1111111111100000111		4		0.0274998		20		56274		4.91828
1111111111100000111		3		0.0166302		18		56346		4.89919
1111111111100000111		2		0.00658774		16		56823		4.92334
1111111111100000111		1		0.00168668		14		64264		4.89625
11111111111111		8		0.152077		21		55864		4.99892
11111111111111		7		0.111753		20		55999		4.98702
11111111111111		6		0.079863		19		56105		4.92728
11111111111111		5		0.0550077		18		56223		4.92773
11111111111111		4		0.0356423		17		56381		4.92916
11111111111111		3		0.0216696		16		56793		4.9872
11111111111111		2		0.0115317		15		58300		4.94768
11111111111111		1		0.00446721		14		64835		4.94263
110101111001100010111		7		0.144579		25		55871		2.44042
110101111001100010111		6		0.0699719		23		56111		2.44243
110101111001100010111		5		0.0344149		21		56221		2.44397
110101111001100010111		4		0.0138479		19		56315		2.43943
110101111001100010111		3		0.00366205		17		56363		2.44525
110101111001100010111		2		0		15		56398		2.44538
11111111110000111		9		0.198312		25		55710		2.39305
11111111110000111		8		0.129825		24		55914		2.3731
11111111110000111		7		0.0807687		23		56089		2.38165
11111111110000111		6		0.0487673		22		56198		2.38796
11111111110000111		5		0.0284124		21		56276		2.37958
11111111110000111		4		0.00964535		19		56345		2.38291
11111111110000111		3		0.00283788		17		56486		2.39591
11111111110000111		2		0		15		58397		2.39672
1111111111111		10		0.176714		22		55783		2.44142
1111111111111		9		0.132391		21		55919		2.45143
1111111111111		8		0.0965187		20		56045		2.44186
1111111111111		7		0.0683201		19		56142		2.44163
1111111111111		6		0.0459361		18		56246		2.44321
1111111111111		5		0.0295857		17		56408		2.44155
1111111111111		4		0.0175291		16		56799		2.44433
1111111111111		3		0.00868666		15		58305		2.44477
1111111111111		2		0.00305595		14		64838		2.45705
1111111111111		1		0.000442132		13		90150		2.50243
1110100111010011101		8		0.130702		26		55922		1.77293
1110100111010011101		7		0.0717634		24		56105		1.77671
1110100111010011101		6		0.0367923		22		56223		1.76776
1110100111010011101		5		0.0159044		20		56310		1.77759
1110100111010011101		4		0.00574196		18		56350		1.78148
1110100111010011101		3		0.000713079		16		56385		1.77426
1110100111010011101		2		0		14		56802		1.7692
11111111100111		11		0.19045		24		55742		1.73039
11111111100111		10		0.120611		23		55954		1.73519
11111111100111		9		0.087144		22		56063		1.73176
11111111100111		8		0.055206		21		56164		1.74918
11111111100111		7		0.0345075		20		56250		1.73198
11111111100111		6		0.0195858		19		56308		1.73254
11111111100111		5		0.00806391		18		56387		1.74153
11111111100111		4		0		17		56513		1.74542
111111111111		11		0.151677		22		55855		1.75929
111111111111		10		0.112284		21		55984		1.75745
111111111111		9		0.0806687		20		56100		1.75875
111111111111		8		0.055199		19		56177		1.75769
111111111111		7		0.0365061		18		56286		1.75254
111111111111		6		0.0224435		17		56422		1.75824
111111111111		5		0.0116914		16		56809		1.75688
111111111111		4		0.00437988		15		58324		1.75821
111111111111		3		0		14		64850		1.77424
11111101110101		12		0.167065		25		55796		1.81263
11111101110101		11		0.120618		24		55954		1.81387
11111101110101		10		0.0799495		23		56085		1.81345
11111101110101		9		0.0497549		22		56193		1.81498
11111101110101		8		0.0278374		21		56272		1.8135
11111101110101		7		0.0137639		20		56334		1.81417
11111101110101		6		0.00421957		19		56370		1.81727
11111101110101		5		0		18		56452		1.81279
1111111001111		12		0.168979		24		55783		1.69079
1111111001111		11		0.0993592		23		56008		1.68628
1111111001111		10		0.0681423		22		56113		1.68773
1111111001111		9		0.0391063		21		56220		1.68919
1111111001111		8		0.0175291		20		56304		1.68925
1111111001111		7		0.00868666		19		56333		1.69094
1111111001111		6		0.00305595		18		56395		1.68941
1111111001111		5		0.000442132		17		56508		1.68937
1111111001111		4		0		16		56892		1.69007
11111111111		13		0.170037		23		55793		1.68424
11111111111		12		0.126561		22		55942		1.68819
11111111111		11		0.0918728		21		56050		1.68648
11111111111		10		0.0632554		20		56149		1.68758
11111111111		9		0.0421866		19		56230		1.68806
11111111111		8		0.0261421		18		56314		1.68909
11111111111		7		0.0134246		17		56446		1.68817
11111111111		6		0		16		56849		1.691
111001001010011101		10		0.112006		27		55958		2.02255
111001001010011101		9		0.0565426		26		56155		2.02364
111001001010011101		8		0.0270867		24		56247		2.02558
111001001010011101		7		0.0110702		22		56322		2.02353
111001001010011101		6		0.00397567		20		56355		2.02573
111001001010011101		5		0		18		56377		2.02403
1111111000111		13		0.124628		25		55911		2.06606
1111111000111		12		0.0871127		24		56045		2.06751
1111111000111		11		0.0624926		23		56134		2.06725
1111111000111		10		0.030748		22		56247		2.0679
1111111000111		9		0.00868666		21		56319		2.06472
1111111000111		8		0.00305595		20		56363		2.06489
1111111000111		7		0.000442132		19		56385		2.06721
1111111000111		6		0		18		56421		2.06625
1111111111		15		0.187356		24		55713		2.05845
1111111111		14		0.13927		23		55904		2.05601
1111111111		13		0.101123		22		56028		2.06073
1111111111		12		0.0695818		21		56117		2.05839
1111111111		11		0.0461237		20		56213		2.05971
1111111111		10		0.0280972		19		56280		2.05743
1111111111		9		0		18		56384		2.06171
111001001010001011		12		0.185189		29		55711		3.00337
111001001010001011		11		0.0946035		28		56006		3.00391
111001001010001011		10		0.045038		27		56178		3.00111
111001001010001011		9		0.0215064		25		56279		3.00166
111001001010001011		8		0.00801113		23		56335		3.00788
111001001010001011		7		0.00307281		21		56357		3.00445
111001001010001011		6		0		19		56377		3.00342
111111100011		16		0.182725		27		55725		3.29093
111111100011		15		0.142294		26		55870		3.29081
111111100011		14		0.103985		25		55994		3.29263
111111100011		13		0.0635785		24		56130		3.29257
111111100011		12		0.0408375		23		56213		3.29387
111111100011		11		0.0116914		22		56307		3.28904
111111100011		10		0.00437988		21		56346		3.29045
111111100011		9		0		20		56382		3.29561
111111111		16		0.150474		24		55853		3.25159
111111111		15		0.108528		23		56009		3.25513
111111111		14		0.0738362		22		56107		3.25103
111111111		13		0.0481011		21		56196		3.2563
111111111		12		0		20		56345		3.2519
101001111000101		14		0.126511		28		55893		7.38339
101001111000101		13		0.0868136		27		56046		7.38683
101001111000101		12		0.0458732		26		56190		7.38118
101001111000101		11		0.0168871		25		56300		7.40451
101001111000101		10		0.00114827		24		56345		7.42506
101001111000101		9		0		23		56370		7.4098
11111100011		17		0.157911		27		55805		8.07652
11111100011		16		0.113563		26		55946		8.06502
11111100011		15		0.0693145		25		56100		8.03847
11111100011		14		0.0261421		24		56254		8.07327
11111100011		13		0.0134246		23		56303		8.06743
11111100011		12		0		22		56358		8.11215
11111111		18		0.159947		25		55822		7.94357
11111111		17		0.11422		24		55980		7.96159
11111111		16		0.0761851		23		56101		7.96717
11111111		15		0		22		56316		7.94676
