shape		t		lossrate		minCoverage	PM		runtime

1111011010001110011011		34		0.164421		55		62220		7.62363
1111011010001110011011		33		0.132889		54		62280		7.6449
1111011010001110011011		32		0.10483		53		62345		7.63859
1111011010001110011011		31		0.0798479		52		62381		7.63702
1111011010001110011011		30		0.058971		51		62401		7.63293
1111011010001110011011		29		0.0419522		50		62417		7.65262
1111011010001110011011		28		0.0283975		49		62426		7.64768
1111011010001110011011		27		0.0181221		48		62440		7.65251
1111011010001110011011		26		0.0108092		47		62446		7.63381
1111011010001110011011		25		0.00592639		46		62447		7.64595
1111011010001110011011		24		0.00298022		45		62451		7.64827
1111011010001110011011		23		0.00129764		44		62451		7.65627
1111011010001110011011		22		0.000411284		43		62451		7.6474
1111011010001110011011		21		8.89281e-05		42		62454		7.66184
1111011010001110011011		20		1.29304e-05		41		62456		7.65369
1111011010001110011011		19		1.41972e-06		40		62457		7.65342
1111011010001110011011		18		0		39		62458		7.64634
11101110110001110110001		34		0.168428		56		62208		7.51917
11101110110001110110001		33		0.13781		55		62246		7.50702
11101110110001110110001		32		0.110874		54		62293		7.53382
11101110110001110110001		31		0.0870044		53		62359		7.51256
11101110110001110110001		30		0.0668024		52		62389		7.5101
11101110110001110110001		29		0.0500111		51		62405		7.51588
11101110110001110110001		28		0.036101		50		62415		8.03208
11101110110001110110001		27		0.0250906		49		62429		7.57921
11101110110001110110001		26		0.0167792		48		62440		7.56656
11101110110001110110001		25		0.0107808		47		62446		8.20266
11101110110001110110001		24		0.00647125		46		62450		7.55894
11101110110001110110001		23		0.0036572		45		62451		7.55784
11101110110001110110001		22		0.00190346		44		62451		7.56736
11101110110001110110001		21		0.000844977		43		62454		7.5837
11101110110001110110001		20		0.000313483		42		62455		7.56963
11101110110001110110001		19		9.13079e-05		41		62456		7.56055
11101110110001110110001		18		1.77035e-05		40		62457		7.72453
11101110110001110110001		17		2.50216e-06		39		62458		7.53638
11101110110001110110001		16		3.67612e-07		38		62458		7.5623
11101110110001110110001		15		0		37		62458		7.55305
1111111111100000111		36		0.1737		54		62225		7.13496
1111111111100000111		35		0.143563		53		62273		7.13808
1111111111100000111		34		0.117161		52		62315		7.13604
1111111111100000111		33		0.094214		51		62354		7.1265
1111111111100000111		32		0.0713649		50		62394		7.12993
1111111111100000111		31		0.0550672		49		62411		7.14718
1111111111100000111		30		0.0414942		48		62424		7.13333
1111111111100000111		29		0.0292717		47		62431		7.13831
1111111111100000111		28		0.0213461		46		62434		7.14688
1111111111100000111		27		0.0148208		45		62437		7.13855
1111111111100000111		26		0.0100147		44		62441		7.13461
1111111111100000111		25		0.00650257		43		62447		7.12872
1111111111100000111		24		0.00332585		42		62448		7.15622
1111111111100000111		23		0.0017923		41		62452		7.148
1111111111100000111		22		0.000803569		40		62455		7.13579
1111111111100000111		21		0.000160262		39		62455		7.12657
1111111111100000111		20		4.55705e-05		38		62457		7.13031
1111111111100000111		19		7.47154e-06		37		62457		7.14964
1111111111100000111		18		0		36		62458		7.13869
11111111111111		38		0.198908		51		62173		7.07231
11111111111111		37		0.169428		50		62218		7.0858
11111111111111		36		0.143499		49		62279		7.07536
11111111111111		35		0.12041		48		62306		7.02567
11111111111111		34		0.099673		47		62389		7.033
11111111111111		33		0.0774995		46		62403		7.03265
11111111111111		32		0.0599141		45		62416		7.02783
11111111111111		31		0.0460553		44		62427		7.02684
11111111111111		30		0.0351483		43		62434		7.03366
11111111111111		29		0.0264802		42		62438		7.02948
11111111111111		28		0.0196353		41		62438		7.02818
11111111111111		27		0.0142624		40		62441		7.03004
11111111111111		26		0.0100443		39		62445		7.0273
11111111111111		25		0.00681186		38		62447		7.02546
11111111111111		24		0.00442186		37		62448		7.01914
11111111111111		23		0.00272893		36		62452		7.02641
11111111111111		22		0.00155896		35		62454		7.03751
11111111111111		21		0.000769122		34		62457		7.02722
11111111111111		20		0		33		62458		7.08418
110101111001100010111		37		0.189938		57		62181		4.56336
110101111001100010111		36		0.153957		56		62264		4.56256
110101111001100010111		35		0.121842		55		62332		4.56823
110101111001100010111		34		0.0929846		54		62363		4.57234
110101111001100010111		33		0.0685478		53		62397		4.57147
110101111001100010111		32		0.0487058		52		62415		4.58548
110101111001100010111		31		0.0331733		51		62425		4.5684
110101111001100010111		30		0.0215897		50		62434		4.56814
110101111001100010111		29		0.0133246		49		62441		4.56981
110101111001100010111		28		0.00760539		48		62443		4.56908
110101111001100010111		27		0.00387449		47		62448		4.56936
110101111001100010111		26		0.00161902		46		62449		4.86355
110101111001100010111		25		0.000542605		45		62453		4.57291
110101111001100010111		24		0.00010678		44		62453		4.57414
110101111001100010111		23		1.89456e-05		43		62455		4.5845
110101111001100010111		22		0		42		62457		4.5864
11111111110000111		39		0.180859		55		62219		4.13195
11111111110000111		38		0.148731		54		62263		4.1251
11111111110000111		37		0.117211		53		62334		4.13146
11111111110000111		36		0.0932458		52		62362		4.1256
11111111110000111		35		0.0729474		51		62387		4.12211
11111111110000111		34		0.0534071		50		62419		4.13266
11111111110000111		33		0.0394602		49		62424		4.15353
11111111110000111		32		0.028999		48		62430		4.13295
11111111110000111		31		0.0200513		47		62436		4.1332
11111111110000111		30		0.0126558		46		62441		4.13374
11111111110000111		29		0.00858617		45		62443		4.13641
11111111110000111		28		0.00526493		44		62446		4.14731
11111111110000111		27		0.00219156		43		62451		4.1259
11111111110000111		26		0.00117048		42		62452		4.13046
11111111110000111		25		0.000526858		41		62455		4.12955
11111111110000111		24		9.43472e-05		40		62456		4.12961
11111111110000111		23		3.30503e-05		39		62456		4.62555
11111111110000111		22		7.38691e-06		38		62457		4.14585
11111111110000111		21		0		37		62458		4.13817
1111111111111		40		0.183698		52		62199		4.12682
1111111111111		39		0.154715		51		62264		4.15007
1111111111111		38		0.129113		50		62349		4.11392
1111111111111		37		0.100595		49		62386		4.11454
1111111111111		36		0.0776164		48		62402		4.10935
1111111111111		35		0.0594579		47		62419		4.11125
1111111111111		34		0.045216		46		62428		4.11193
1111111111111		33		0.034079		45		62434		4.10689
1111111111111		32		0.0252922		44		62438		4.11608
1111111111111		31		0.0183882		43		62440		4.10805
1111111111111		30		0.012992		42		62441		4.11112
1111111111111		29		0.00880561		41		62446		4.10611
1111111111111		28		0.00565827		40		62448		4.11378
1111111111111		27		0.00338899		39		62449		4.11137
1111111111111		26		0.00182332		38		62452		4.11611
1111111111111		25		0		37		62456		4.12016
1110100111010011101		40		0.191768		58		62218		4.1179
1110100111010011101		39		0.153491		57		62291		4.11675
1110100111010011101		38		0.119321		56		62339		4.11454
1110100111010011101		37		0.0896644		55		62376		4.11012
1110100111010011101		36		0.0653716		54		62402		3.96226
1110100111010011101		35		0.0461019		53		62418		3.95713
1110100111010011101		34		0.0315024		52		62429		3.98838
1110100111010011101		33		0.0200312		51		62436		3.96794
1110100111010011101		32		0.0121078		50		62444		3.9732
1110100111010011101		31		0.00666589		49		62446		3.99127
1110100111010011101		30		0.00329094		48		62449		4.11131
1110100111010011101		29		0.00120982		47		62449		4.11188
1110100111010011101		28		0.00032809		46		62451		4.12171
1110100111010011101		27		3.87862e-05		45		62455		4.11403
1110100111010011101		26		2.32472e-06		44		62455		4.10882
1110100111010011101		25		0		43		62456		4.1173
11111111100111		42		0.172055		55		62248		3.68448
11111111100111		41		0.140351		54		62281		3.66405
11111111100111		40		0.111108		53		62367		3.48435
11111111100111		39		0.0856565		52		62382		3.48216
11111111100111		38		0.0627048		51		62409		3.49269
11111111100111		37		0.0450346		50		62423		3.47603
11111111100111		36		0.032764		49		62432		3.48279
11111111100111		35		0.0215038		48		62439		3.49392
11111111100111		34		0.0145824		47		62441		3.48562
11111111100111		33		0.00983532		46		62446		3.49083
11111111100111		32		0.00624011		45		62447		3.483
11111111100111		31		0.00272893		44		62449		3.48456
11111111100111		30		0.00155896		43		62451		3.47609
11111111100111		29		0.000769122		42		62455		3.47817
11111111100111		28		0		41		62456		3.48443
111111111111		43		0.197261		54		62180		3.4309
111111111111		42		0.164954		53		62324		3.44611
111111111111		41		0.128123		52		62351		3.43802
111111111111		40		0.0987699		51		62380		3.43155
111111111111		39		0.075378		50		62406		3.43
111111111111		38		0.056995		49		62419		3.4387
111111111111		37		0.042671		48		62430		3.43304
111111111111		36		0.0315365		47		62435		3.42852
111111111111		35		0.0228099		46		62439		3.42902
111111111111		34		0.016		45		62440		3.43072
111111111111		33		0.0107434		44		62442		3.4379
111111111111		32		0.00675143		43		62447		3.42943
111111111111		31		0.00384026		42		62449		3.42905
111111111111		30		0		41		62454		3.42617
11111101110101		45		0.193128		58		62212		3.9645
11111101110101		44		0.155728		57		62275		3.95677
11111101110101		43		0.122006		56		62361		3.93574
11111101110101		42		0.0898992		55		62382		3.93095
11111101110101		41		0.0662089		54		62402		3.96241
11111101110101		40		0.0477567		53		62423		3.96699
11111101110101		39		0.0323214		52		62430		3.96714
11111101110101		38		0.021463		51		62439		3.93721
11111101110101		37		0.013493		50		62443		3.97623
11111101110101		36		0.00810978		49		62444		3.96603
11111101110101		35		0.00482293		48		62447		3.94319
11111101110101		34		0.00220155		47		62450		3.93525
11111101110101		33		0.000769122		46		62453		3.93224
11111101110101		32		0		45		62456		3.95417
1111111001111		45		0.182227		57		62235		3.64861
1111111001111		44		0.144343		56		62330		3.57446
1111111001111		43		0.11128		55		62358		3.59687
1111111001111		42		0.0810353		54		62376		3.61079
1111111001111		41		0.0600285		53		62408		3.62976
1111111001111		40		0.0398476		52		62426		3.63883
1111111001111		39		0.0280129		51		62437		3.61881
1111111001111		38		0.0165636		50		62439		3.64199
1111111001111		37		0.00880561		49		62445		3.59381
1111111001111		36		0.00565827		48		62448		3.63826
1111111001111		35		0.00338899		47		62448		3.58166
1111111001111		34		0.00182332		46		62451		3.61201
1111111001111		33		0		45		62455		3.62013
11111111111		45		0.161614		55		62323		3.5121
11111111111		44		0.123803		54		62352		3.52489
11111111111		43		0.0939607		53		62387		3.54519
11111111111		42		0.0705076		52		62405		3.55239
11111111111		41		0.0523148		51		62424		3.50151
11111111111		40		0.0382385		50		62432		3.51457
11111111111		39		0.0273588		49		62437		3.531
11111111111		38		0.0188903		48		62439		3.53262
11111111111		37		0.0123772		47		62440		3.49328
11111111111		36		0.00745357		46		62443		3.52825
11111111111		35		0		45		62453		3.5002
111001001010011101		45		0.199513		62		62240		4.80978
111001001010011101		44		0.151445		61		62306		4.80752
111001001010011101		43		0.110781		60		62351		4.82176
111001001010011101		42		0.076398		59		62392		4.83651
111001001010011101		41		0.050153		58		62408		4.79883
111001001010011101		40		0.0304313		57		62426		4.82736
111001001010011101		39		0.0167015		56		62436		4.80515
111001001010011101		38		0.00849737		55		62442		4.84676
111001001010011101		37		0.00383454		54		62451		4.78653
111001001010011101		36		0.00113729		53		62452		4.82378
111001001010011101		35		0.000262038		52		62452		4.81211
111001001010011101		34		2.47561e-05		51		62455		4.80612
111001001010011101		33		5.55905e-08		50		62455		4.79837
111001001010011101		32		0		49		62455		4.8002
1111111000111		48		0.198119		60		62216		4.64595
1111111000111		47		0.152029		59		62322		4.63673
1111111000111		46		0.116505		58		62353		4.63842
1111111000111		45		0.086037		57		62376		4.63193
1111111000111		44		0.0556107		56		62403		4.62501
1111111000111		43		0.0375769		55		62424		4.64999
1111111000111		42		0.0274743		54		62433		4.63082
1111111000111		41		0.0139184		53		62442		4.66793
1111111000111		40		0.00565827		52		62445		4.66283
1111111000111		39		0.00338899		51		62448		4.63832
1111111000111		38		0.00182332		50		62451		4.66325
1111111000111		37		0		49		62454		4.66208
1111111111		48		0.153332		57		62335		4.42572
1111111111		47		0.115584		56		62361		4.43914
1111111111		46		0.0858535		55		62390		4.42281
1111111111		45		0.0628253		54		62410		4.41908
1111111111		44		0.0452077		53		62424		4.45747
1111111111		43		0.0317192		52		62436		4.4443
1111111111		42		0.0213544		51		62439		4.42181
1111111111		41		0.0134178		50		62440		4.43286
1111111111		40		0		49		62450		4.35116
