shape		t		lossrate		minCoverage	PM		runtime

1111011010001110011011		35		0.171606		56		62310		8.33527
1111011010001110011011		34		0.13945		55		62356		8.35812
1111011010001110011011		33		0.110712		54		62401		8.32507
1111011010001110011011		32		0.0849653		53		62430		8.35
1111011010001110011011		31		0.0633322		52		62450		8.34447
1111011010001110011011		30		0.045594		51		62478		8.36613
1111011010001110011011		29		0.0313363		50		62488		8.34372
1111011010001110011011		28		0.0204347		49		62495		8.32532
1111011010001110011011		27		0.0124783		48		62502		8.34556
1111011010001110011011		26		0.00699716		47		62505		8.31472
1111011010001110011011		25		0.00364007		46		62510		8.32947
1111011010001110011011		24		0.00168949		45		62510		8.35401
1111011010001110011011		23		0.000608126		44		62512		8.32786
1111011010001110011011		22		0.000148882		43		62518		8.38721
1111011010001110011011		21		2.44427e-05		42		62518		8.33706
1111011010001110011011		20		3.05521e-06		41		62518		8.35938
1111011010001110011011		19		0		40		62519		8.35593
11101110110001110110001		35		0.17542		57		62286		8.20497
11101110110001110110001		34		0.144172		56		62329		8.17774
11101110110001110110001		33		0.116591		55		62377		8.21699
11101110110001110110001		32		0.0920337		54		62424		8.14754
11101110110001110110001		31		0.0711307		53		62440		8.14725
11101110110001110110001		30		0.0537231		52		62467		8.17757
11101110110001110110001		29		0.0391856		51		62479		8.13446
11101110110001110110001		28		0.0275722		50		62490		8.13287
11101110110001110110001		27		0.0186857		49		62497		8.21146
11101110110001110110001		26		0.0122055		48		62500		8.23641
11101110110001110110001		25		0.00748758		47		62506		8.23145
11101110110001110110001		24		0.0043292		46		62512		8.17739
11101110110001110110001		23		0.00233674		45		62514		8.20299
11101110110001110110001		22		0.00108603		44		62515		8.23978
11101110110001110110001		21		0.000434747		43		62515		8.22392
11101110110001110110001		20		0.000134146		42		62517		8.20745
11101110110001110110001		19		2.8387e-05		41		62517		8.1869
11101110110001110110001		18		5.23486e-06		40		62519		8.18044
11101110110001110110001		17		8.6091e-07		39		62519		8.22933
11101110110001110110001		16		0		38		62519		8.18641
1111111111100000111		37		0.180013		55		62283		7.70429
1111111111100000111		36		0.149364		54		62351		7.76501
1111111111100000111		35		0.122383		53		62394		7.7813
1111111111100000111		34		0.0988682		52		62422		7.75677
1111111111100000111		33		0.0753541		51		62449		7.67538
1111111111100000111		32		0.0585019		50		62464		7.7102
1111111111100000111		31		0.0443878		49		62486		7.73186
1111111111100000111		30		0.0314958		48		62497		7.70396
1111111111100000111		29		0.0231406		47		62505		7.74138
1111111111100000111		28		0.0162346		46		62508		7.7342
1111111111100000111		27		0.0110823		45		62508		7.75856
1111111111100000111		26		0.00732215		44		62508		7.74429
1111111111100000111		25		0.00387548		43		62510		7.76269
1111111111100000111		24		0.00216346		42		62514		7.75684
1111111111100000111		23		0.00102813		41		62517		7.7172
1111111111100000111		22		0.00023485		40		62518		7.71754
1111111111100000111		21		7.61631e-05		39		62518		7.68587
1111111111100000111		20		1.435e-05		38		62518		7.70269
1111111111100000111		19		0		37		62518		7.67542
11111111111111		38		0.174911		51		62299		7.67996
11111111111111		37		0.148421		50		62337		7.7127
11111111111111		36		0.124945		49		62376		7.71881
11111111111111		35		0.103798		48		62444		7.68487
11111111111111		34		0.0809738		47		62461		7.68686
11111111111111		33		0.0627646		46		62474		7.70669
11111111111111		32		0.0483804		45		62489		7.68019
11111111111111		31		0.0370345		44		62495		7.66913
11111111111111		30		0.0280234		43		62498		7.63335
11111111111111		29		0.0208812		42		62501		7.66826
11111111111111		28		0.0152623		41		62504		7.71495
11111111111111		27		0.01083		40		62509		7.74271
11111111111111		26		0.00740848		39		62512		7.73362
11111111111111		25		0.00484565		38		62515		7.6879
11111111111111		24		0.00301901		37		62515		7.71964
11111111111111		23		0.00174693		36		62516		7.69753
11111111111111		22		0.000881793		35		62516		7.61747
11111111111111		21		0		34		62518		7.6452
110101111001100010111		38		0.197235		58		62272		5.01782
110101111001100010111		37		0.160632		57		62343		5.01956
110101111001100010111		36		0.127839		56		62388		5.00519
110101111001100010111		35		0.0982163		55		62417		5.00152
110101111001100010111		34		0.0729961		54		62451		5.02468
110101111001100010111		33		0.0523595		53		62473		5.00651
110101111001100010111		32		0.0360728		52		62483		5.03139
110101111001100010111		31		0.0238051		51		62500		5.31465
110101111001100010111		30		0.0149484		50		62505		5.05488
110101111001100010111		29		0.00874497		49		62505		5.0395
110101111001100010111		28		0.00463251		48		62511		5.12198
110101111001100010111		27		0.00204282		47		62512		5.34212
110101111001100010111		26		0.000736445		46		62513		5.25134
110101111001100010111		25		0.000168059		45		62516		5.0547
110101111001100010111		24		3.37499e-05		44		62517		5.01514
110101111001100010111		23		1.46126e-07		43		62517		4.99578
110101111001100010111		22		0		42		62519		5.00678
11111111110000111		40		0.187071		56		62281		4.41819
11111111110000111		39		0.154353		55		62339		4.42819
11111111110000111		38		0.12214		54		62395		4.45094
11111111110000111		37		0.0975848		53		62422		4.43248
11111111110000111		36		0.0767285		52		62448		4.43169
11111111110000111		35		0.0564701		51		62472		4.42245
11111111110000111		34		0.0419629		50		62487		4.42878
11111111110000111		33		0.0310246		49		62501		4.42839
11111111110000111		32		0.0215772		48		62501		4.43116
11111111110000111		31		0.0137831		47		62506		4.40251
11111111110000111		30		0.00947404		46		62510		4.43177
11111111110000111		29		0.00591493		45		62511		4.41338
11111111110000111		28		0.00253442		44		62513		4.41206
11111111110000111		27		0.00139149		43		62515		4.46502
11111111110000111		26		0.000653851		42		62518		4.44865
11111111110000111		25		0.000126634		41		62518		4.4194
11111111110000111		24		4.75151e-05		40		62518		4.40546
11111111110000111		23		1.19055e-05		39		62518		4.4304
11111111110000111		22		0		38		62518		4.45384
1111111111111		41		0.189326		53		62281		4.51223
1111111111111		40		0.159761		52		62330		4.61582
1111111111111		39		0.133663		51		62419		5.4889
1111111111111		38		0.10447		50		62442		4.58285
1111111111111		37		0.0808696		49		62458		4.53908
1111111111111		36		0.0621153		48		62473		4.56703
1111111111111		35		0.0473639		47		62488		4.54212
1111111111111		34		0.0358036		46		62492		4.56573
1111111111111		33		0.026682		45		62499		4.53465
1111111111111		32		0.0194967		44		62501		4.57393
1111111111111		31		0.0138643		43		62504		4.53232
1111111111111		30		0.00947246		42		62510		4.54495
1111111111111		29		0.00614239		41		62513		4.56113
1111111111111		28		0.00371282		40		62515		4.51428
1111111111111		27		0.00202539		39		62516		4.56459
1111111111111		26		0		38		62516		4.54621
1110100111010011101		41		0.198629		59		62298		3.85702
1110100111010011101		40		0.159666		58		62368		3.86997
1110100111010011101		39		0.124724		57		62397		3.88155
1110100111010011101		38		0.0942648		56		62436		3.87436
1110100111010011101		37		0.0691805		55		62449		3.87281
1110100111010011101		36		0.0491587		54		62473		3.8781
1110100111010011101		35		0.0338895		53		62488		3.88527
1110100111010011101		34		0.0218118		52		62498		3.8887
1110100111010011101		33		0.0133885		51		62502		3.87409
1110100111010011101		32		0.00752302		50		62510		3.87844
1110100111010011101		31		0.00384028		49		62510		3.88907
1110100111010011101		30		0.00148697		48		62515		3.90442
1110100111010011101		29		0.000441703		47		62515		3.88657
1110100111010011101		28		6.48457e-05		46		62515		3.88942
1110100111010011101		27		5.24404e-06		45		62518		3.86544
1110100111010011101		26		0		44		62518		3.89004
11111111100111		43		0.177587		56		62309		3.77034
11111111100111		42		0.145314		55		62342		3.85366
11111111100111		41		0.115481		54		62423		3.83071
11111111100111		40		0.0893659		53		62453		3.84767
11111111100111		39		0.0656601		52		62466		3.80114
11111111100111		38		0.0473272		51		62487		3.84132
11111111100111		37		0.0345939		50		62495		3.8437
11111111100111		36		0.0228301		49		62498		3.80221
11111111100111		35		0.0156012		48		62509		3.83291
11111111100111		34		0.0106148		47		62511		3.85686
11111111100111		33		0.00680704		46		62514		3.83627
11111111100111		32		0.00301901		45		62515		3.85425
11111111100111		31		0.00174693		44		62516		3.85299
11111111100111		30		0.000881793		43		62516		3.83474
11111111100111		29		0		42		62517		3.85057
111111111111		43		0.170115		54		62402		3.47479
111111111111		42		0.132429		53		62421		3.5108
111111111111		41		0.102344		52		62441		3.50626
111111111111		40		0.0783642		51		62453		3.48598
111111111111		39		0.0594133		50		62471		3.46586
111111111111		38		0.0446076		49		62486		3.4984
111111111111		37		0.0330699		48		62495		3.47966
111111111111		36		0.0240267		47		62497		3.49866
111111111111		35		0.0169454		46		62503		3.50532
111111111111		34		0.0114625		45		62506		3.50425
111111111111		33		0.00727161		44		62513		3.51182
111111111111		32		0.00418598		43		62513		3.50034
111111111111		31		0		42		62514		3.50457
11111101110101		46		0.198959		59		62284		3.87703
11111101110101		45		0.16093		58		62339		3.87824
11111101110101		44		0.126573		57		62420		3.85776
11111101110101		43		0.0935832		56		62448		3.86178
11111101110101		42		0.0691667		55		62467		3.8603
11111101110101		41		0.0500989		54		62481		3.84979
11111101110101		40		0.0340752		53		62492		3.8731
11111101110101		39		0.0227743		52		62501		3.84359
11111101110101		38		0.0144353		51		62506		3.86592
11111101110101		37		0.00875771		50		62512		3.86425
11111101110101		36		0.00527137		49		62515		3.86269
11111101110101		35		0.00244752		48		62515		3.85564
11111101110101		34		0.000881793		47		62516		3.84318
11111101110101		33		0		46		62516		3.87484
1111111001111		46		0.187856		58		62298		3.46566
1111111001111		45		0.149278		57		62394		3.48067
1111111001111		44		0.115484		56		62430		3.48286
1111111001111		43		0.084441		55		62452		3.43799
1111111001111		42		0.0628344		54		62472		3.47357
1111111001111		41		0.0418786		53		62486		3.48195
1111111001111		40		0.0295876		52		62493		3.4623
1111111001111		39		0.0176292		51		62501		3.48698
1111111001111		38		0.00947246		50		62509		3.47955
1111111001111		37		0.00614239		49		62514		3.41904
1111111001111		36		0.00371282		48		62515		3.47754
1111111001111		35		0.00202539		47		62516		3.48127
1111111001111		34		0		46		62516		3.47343
11111111111		46		0.166449		56		62399		3.43004
11111111111		45		0.127807		55		62423		3.44474
11111111111		44		0.0972459		54		62441		3.4391
11111111111		43		0.073179		53		62454		3.38435
11111111111		42		0.0544512		52		62471		3.41237
11111111111		41		0.0399235		51		62487		3.38379
11111111111		40		0.0286718		50		62492		3.3886
11111111111		39		0.0199029		49		62500		3.39318
11111111111		38		0.013133		48		62503		3.39754
11111111111		37		0.00799065		47		62511		3.3935
11111111111		36		0		46		62514		3.39086
111001001010011101		45		0.157432		62		62367		5.05989
111001001010011101		44		0.115872		61		62410		5.06247
111001001010011101		43		0.0804756		60		62436		5.09732
111001001010011101		42		0.0532531		59		62466		5.07197
111001001010011101		41		0.0326882		58		62482		5.07385
111001001010011101		40		0.0182033		57		62492		5.0785
111001001010011101		39		0.00942049		56		62503		5.06254
111001001010011101		38		0.00436915		55		62505		5.08859
111001001010011101		37		0.00134998		54		62510		5.07129
111001001010011101		36		0.00032758		53		62513		5.07427
111001001010011101		35		3.56809e-05		52		62516		5.06909
111001001010011101		34		2.68855e-07		51		62517		5.05343
111001001010011101		33		0		50		62519		5.0685
1111111000111		48		0.157059		60		62389		4.47706
1111111000111		47		0.120769		59		62422		4.64122
1111111000111		46		0.0895032		58		62449		4.37396
1111111000111		45		0.0581264		57		62471		4.3434
1111111000111		44		0.0395123		56		62485		4.4512
1111111000111		43		0.0290502		55		62495		4.47769
1111111000111		42		0.0148692		54		62506		4.48079
1111111000111		41		0.00614239		53		62514		4.46576
1111111000111		40		0.00371282		52		62515		4.47224
1111111000111		39		0.00202539		51		62516		4.47889
1111111000111		38		0		50		62516		4.44998
1111111111		49		0.157638		58		62402		4.51049
1111111111		48		0.119213		57		62423		4.41052
1111111111		47		0.088788		56		62441		4.41423
1111111111		46		0.0651664		55		62458		4.36044
1111111111		45		0.047026		54		62474		4.33488
1111111111		44		0.033124		53		62487		4.78007
1111111111		43		0.022415		52		62497		4.62062
1111111111		42		0.0141967		51		62502		4.39832
1111111111		41		0		50		62514		4.3026
