shape		t		lossrate		minCoverage	PM		runtime

1111011010001110011011		26		0.18341		47		62311		18.9553
1111011010001110011011		25		0.146324		46		62345		17.8188
1111011010001110011011		24		0.113623		45		62376		20.1928
1111011010001110011011		23		0.0854297		44		62405		20.0574
1111011010001110011011		22		0.0616836		43		62431		19.8101
1111011010001110011011		21		0.0421668		42		62449		19.1587
1111011010001110011011		20		0.0271289		41		62458		19.8913
1111011010001110011011		19		0.0161328		40		62470		20.3882
1111011010001110011011		18		0.00857072		39		62476		22.1445
1111011010001110011011		17		0.00402488		38		62482		22.5318
1111011010001110011011		16		0.00167783		37		62483		23.0336
1111011010001110011011		15		0.000627737		36		62483		23.9614
1111011010001110011011		14		0.000202592		35		62484		21.3909
1111011010001110011011		13		4.2578e-05		34		62486		17.7049
1111011010001110011011		12		6.3025e-06		33		62486		16.9593
1111011010001110011011		11		7.24123e-07		32		62486		15.4954
1111011010001110011011		10		0		31		62486		14.3231
11101110110001110110001		26		0.183514		48		62299		13.6588
11101110110001110110001		25		0.148779		47		62337		12.4067
11101110110001110110001		24		0.118454		46		62360		11.9997
11101110110001110110001		23		0.0918293		45		62396		10.4861
11101110110001110110001		22		0.0692347		44		62423		14.6924
11101110110001110110001		21		0.050383		43		62436		12.0998
11101110110001110110001		20		0.034956		42		62458		15.0604
11101110110001110110001		19		0.0232452		41		62466		13.7928
11101110110001110110001		18		0.0144917		40		62472		12.1174
11101110110001110110001		17		0.0085851		39		62477		13.1409
11101110110001110110001		16		0.00461078		38		62480		10.2033
11101110110001110110001		15		0.00226127		37		62483		14.8664
11101110110001110110001		14		0.000972951		36		62483		12.5915
11101110110001110110001		13		0.000370729		35		62484		14.8618
11101110110001110110001		12		0.000117921		34		62486		14.5566
11101110110001110110001		11		2.77533e-05		33		62486		15.1071
11101110110001110110001		10		4.7698e-06		32		62486		10.3218
11101110110001110110001		9		8.21054e-07		30		62486		13.5342
11101110110001110110001		8		0		28		62486		13.8709
1111111111100000111		28		0.192058		46		62300		13.886
1111111111100000111		27		0.159234		45		62339		13.1895
1111111111100000111		26		0.130419		44		62374		14.9868
1111111111100000111		25		0.105651		43		62399		10.2467
1111111111100000111		24		0.081926		42		62427		11.7412
1111111111100000111		23		0.062394		41		62443		11.6236
1111111111100000111		22		0.046093		40		62457		10.4376
1111111111100000111		21		0.0314432		39		62468		12.5344
1111111111100000111		20		0.0217904		38		62474		11.7962
1111111111100000111		19		0.014561		37		62478		13.2087
1111111111100000111		18		0.00941453		36		62480		12.5038
1111111111100000111		17		0.00592046		35		62485		12.8851
1111111111100000111		16		0.00313897		34		62486		10.8558
1111111111100000111		15		0.00147594		33		62486		11.7966
1111111111100000111		14		0.00052655		32		62486		10.9011
1111111111100000111		13		7.31769e-05		31		62486		12.9759
1111111111100000111		12		1.07062e-05		30		62486		12.1087
1111111111100000111		11		5.04303e-07		29		62486		12.2974
1111111111100000111		10		0		28		62486		11.1786
11111111111111		29		0.18964		42		62299		7.60314
11111111111111		28		0.159894		41		62347		7.59931
11111111111111		27		0.133686		40		62383		7.60214
11111111111111		26		0.110562		39		62403		7.59912
11111111111111		25		0.090165		38		62424		7.60784
11111111111111		24		0.0723966		37		62436		7.60694
11111111111111		23		0.057206		36		62463		7.60502
11111111111111		22		0.0428404		35		62470		7.61121
11111111111111		21		0.031791		34		62474		7.59658
11111111111111		20		0.0232413		33		62478		7.59723
11111111111111		19		0.016701		32		62478		7.60608
11111111111111		18		0.0117052		31		62480		7.62054
11111111111111		17		0.00793022		30		62483		7.61801
11111111111111		16		0.00516263		29		62484		7.60184
11111111111111		15		0.003248		28		62485		7.60313
11111111111111		14		0.0019573		27		62486		7.59754
11111111111111		13		0.00110479		26		62486		7.60156
11111111111111		12		0.000565133		25		62486		7.60268
11111111111111		11		0.000246143		24		62486		7.60067
11111111111111		10		7.84938e-05		23		62486		7.59375
11111111111111		9		0		22		62488		7.58593
110101111001100010111		28		0.179514		48		62313		4.51592
110101111001100010111		27		0.142197		47		62355		4.52202
110101111001100010111		26		0.10961		46		62390		4.52545
110101111001100010111		25		0.0818067		45		62422		4.51871
110101111001100010111		24		0.0581779		44		62447		4.52285
110101111001100010111		23		0.0386925		43		62458		4.52368
110101111001100010111		22		0.0240806		42		62463		4.53025
110101111001100010111		21		0.0141876		41		62468		4.52996
110101111001100010111		20		0.00766622		40		62482		4.52552
110101111001100010111		19		0.00360584		39		62483		4.52737
110101111001100010111		18		0.00134756		38		62483		4.53518
110101111001100010111		17		0.0003793		37		62485		4.52767
110101111001100010111		16		7.85545e-05		36		62485		4.51755
110101111001100010111		15		1.30074e-05		35		62486		4.52146
110101111001100010111		14		3.08525e-07		34		62486		4.53113
110101111001100010111		13		0		33		62486		4.52955
11111111110000111		30		0.175789		46		62335		4.1704
11111111110000111		29		0.142375		45		62367		4.17278
11111111110000111		28		0.113811		44		62394		4.17321
11111111110000111		27		0.0889843		43		62421		4.17903
11111111110000111		26		0.0658437		42		62443		4.1747
11111111110000111		25		0.0488851		41		62450		4.17496
11111111110000111		24		0.0353206		40		62462		4.17347
11111111110000111		23		0.023931		39		62476		4.17595
11111111110000111		22		0.0159273		38		62480		4.17716
11111111110000111		21		0.0104981		37		62484		4.17683
11111111110000111		20		0.00638761		36		62484		4.02789
11111111110000111		19		0.00309041		35		62485		4.0253
11111111110000111		18		0.00155374		34		62485		4.03343
11111111110000111		17		0.000594391		33		62486		4.02582
11111111110000111		16		9.67025e-05		32		62486		4.02434
11111111110000111		15		2.02979e-05		31		62486		4.03184
11111111110000111		14		1.82456e-06		30		62486		4.03122
11111111110000111		13		0		29		62486		4.03838
1111111111111		31		0.179279		43		62321		4.02237
1111111111111		30		0.149601		42		62372		4.03688
1111111111111		29		0.123615		41		62394		4.03177
1111111111111		28		0.100587		40		62418		4.02739
1111111111111		27		0.0804027		39		62450		4.03893
1111111111111		26		0.0603144		38		62461		4.02604
1111111111111		25		0.0449487		37		62469		4.02909
1111111111111		24		0.0331787		36		62471		4.03512
1111111111111		23		0.0240952		35		62476		4.02843
1111111111111		22		0.0171611		34		62478		4.03028
1111111111111		21		0.0118844		33		62480		4.0219
1111111111111		20		0.00791467		32		62483		4.03405
1111111111111		19		0.00502963		31		62485		4.03785
1111111111111		18		0.00305334		30		62485		4.02574
1111111111111		17		0.001738		29		62485		4.03037
1111111111111		16		0.000887266		28		62486		4.03402
1111111111111		15		0.000364729		27		62486		4.0245
1111111111111		14		0		26		62486		4.0288
1110100111010011101		31		0.191733		49		62302		3.6562
1110100111010011101		30		0.15217		48		62365		3.64791
1110100111010011101		29		0.117196		47		62398		3.64047
1110100111010011101		28		0.0877848		46		62411		3.63981
1110100111010011101		27		0.0632691		45		62438		3.6448
1110100111010011101		26		0.0431632		44		62463		3.64942
1110100111010011101		25		0.0281209		43		62466		3.64803
1110100111010011101		24		0.0172806		42		62473		3.64859
1110100111010011101		23		0.00983309		41		62479		3.6386
1110100111010011101		22		0.00486226		40		62483		3.64875
1110100111010011101		21		0.00199775		39		62484		3.64812
1110100111010011101		20		0.000617616		38		62485		3.63946
1110100111010011101		19		0.000107329		37		62485		3.64337
1110100111010011101		18		2.452e-06		36		62486		3.65062
1110100111010011101		17		0		35		62486		3.63433
11111111100111		33		0.174194		46		62336		3.2602
11111111100111		32		0.141528		45		62381		3.26057
11111111100111		31		0.112301		44		62407		3.26787
11111111100111		30		0.0874651		43		62419		3.25749
11111111100111		29		0.065632		42		62451		3.26028
11111111100111		28		0.0481494		41		62459		3.27068
11111111100111		27		0.0332891		40		62470		3.25653
11111111100111		26		0.0224889		39		62480		3.25817
11111111100111		25		0.0150691		38		62480		3.25715
11111111100111		24		0.00901425		37		62483		3.26163
11111111100111		23		0.00536224		36		62484		3.25904
11111111100111		22		0.003125		35		62484		3.26325
11111111100111		21		0.00164537		34		62485		3.26178
11111111100111		20		0.000565133		33		62485		3.26046
11111111100111		19		0.000246143		32		62485		3.26236
11111111100111		18		7.84938e-05		31		62486		3.25846
11111111100111		17		0		30		62486		3.26865
111111111111		34		0.198874		45		62301		3.1947
111111111111		33		0.164994		44		62358		3.19193
111111111111		32		0.135747		43		62387		3.19323
111111111111		31		0.109948		42		62442		3.19808
111111111111		30		0.0824962		41		62451		3.19774
111111111111		29		0.0613294		40		62459		3.1956
111111111111		28		0.0452306		39		62469		3.1953
111111111111		27		0.033002		38		62471		3.19381
111111111111		26		0.0236282		37		62474		3.19708
111111111111		25		0.0165102		36		62478		3.19257
111111111111		24		0.0111111		35		62481		3.19852
111111111111		23		0.00710754		34		62484		3.1939
111111111111		22		0.00426395		33		62485		3.19639
111111111111		21		0.00236095		32		62485		3.20061
111111111111		20		0.00113035		31		62486		3.20084
111111111111		19		0		30		62486		3.19125
11111101110101		35		0.163883		48		62348		3.7736
11111101110101		34		0.129843		47		62383		3.77674
11111101110101		33		0.0999724		46		62417		3.76892
11111101110101		32		0.0743044		45		62450		3.76963
11111101110101		31		0.0523716		44		62457		3.77968
11111101110101		30		0.0365251		43		62467		3.77457
11111101110101		29		0.0245945		42		62472		3.76883
11111101110101		28		0.0152715		41		62481		3.77252
11111101110101		27		0.00910362		40		62484		3.77861
11111101110101		26		0.00502299		39		62484		3.767
11111101110101		25		0.00260102		38		62485		3.77165
11111101110101		24		0.00123704		37		62485		3.78066
11111101110101		23		0.000401712		36		62486		3.78163
11111101110101		22		7.84938e-05		35		62486		3.78048
11111101110101		21		0		34		62486		3.7855
1111111001111		36		0.195845		48		62335		3.08317
1111111001111		35		0.155837		47		62367		3.08103
1111111001111		34		0.121546		46		62403		3.08173
1111111001111		33		0.0917513		45		62438		3.08405
1111111001111		32		0.0673005		44		62451		3.08156
1111111001111		31		0.0463734		43		62462		3.0953
1111111001111		30		0.0322236		42		62472		3.08188
1111111001111		29		0.0201327		41		62477		3.08766
1111111001111		28		0.0129354		40		62478		3.0852
1111111001111		27		0.00666309		39		62482		3.08667
1111111001111		26		0.00305334		38		62485		3.08884
1111111001111		25		0.001738		37		62485		3.08436
1111111001111		24		0.000887266		36		62485		3.08886
1111111001111		23		0.000364729		35		62485		3.08587
1111111001111		22		0		34		62486		3.08931
11111111111		36		0.179662		46		62349		3.03597
11111111111		35		0.146544		45		62425		3.03353
11111111111		34		0.110053		44		62440		3.02992
11111111111		33		0.0816549		43		62454		3.03436
11111111111		32		0.059885		42		62459		3.03713
11111111111		31		0.0434403		41		62466		3.0359
11111111111		30		0.0310529		40		62471		3.03822
11111111111		29		0.0216535		39		62474		3.04121
11111111111		28		0.0145534		38		62479		3.03862
11111111111		27		0.00925224		37		62484		3.03629
11111111111		26		0.00542403		36		62485		3.03876
11111111111		25		0.002809		35		62485		3.04148
11111111111		24		0		34		62486		3.03221
111001001010011101		35		0.17112		52		62365		4.07385
111001001010011101		34		0.125371		51		62391		4.06944
111001001010011101		33		0.0883672		50		62416		4.08568
111001001010011101		32		0.0589846		49		62443		4.07242
111001001010011101		31		0.0363459		48		62461		4.10234
111001001010011101		30		0.0208062		47		62469		4.07792
111001001010011101		29		0.010329		46		62476		4.08214
111001001010011101		28		0.00440998		45		62478		4.08519
111001001010011101		27		0.00163986		44		62479		4.07493
111001001010011101		26		0.00042826		43		62483		4.08492
111001001010011101		25		5.61413e-05		42		62485		4.08194
111001001010011101		24		4.13161e-06		41		62486		4.08156
111001001010011101		23		0		40		62486		4.08399
1111111000111		38		0.179592		50		62352		3.83476
1111111000111		37		0.135113		49		62394		3.84279
1111111000111		36		0.0984811		48		62432		3.83687
1111111000111		35		0.0719755		47		62445		3.83649
1111111000111		34		0.050426		46		62458		3.83961
1111111000111		33		0.0304046		45		62469		3.83954
1111111000111		32		0.018869		44		62476		3.84708
1111111000111		31		0.0125315		43		62478		3.83405
1111111000111		30		0.00531799		42		62484		3.83294
1111111000111		29		0.001738		41		62485		3.8458
1111111000111		28		0.000887266		40		62485		3.84202
1111111000111		27		0.000364729		39		62485		3.84172
1111111000111		26		0		38		62485		3.83957
1111111111		39		0.192955		48		62406		3.70358
1111111111		38		0.143909		47		62426		3.69573
1111111111		37		0.106244		46		62439		3.69702
1111111111		36		0.0774374		45		62448		3.70483
1111111111		35		0.0556428		44		62459		3.69426
1111111111		34		0.0393273		43		62466		3.69533
1111111111		33		0.0271454		42		62468		3.69632
1111111111		32		0.0179667		41		62478		3.69644
1111111111		31		0.0111562		40		62482		3.6945
1111111111		30		0.00621666		39		62485		3.69468
1111111111		29		0		38		62485		3.69579
