shape		t		lossrate		minCoverage	PM		runtime

1111011010001110011011		3		0.121489		18		55929		4.71444
1111011010001110011011		2		0.0261574		16		56176		4.71477
1111011010001110011011		1		0.005183		14		60899		4.72101
11101110110001110110001		3		0.152712		18		55741		4.67718
11101110110001110110001		2		0.0551383		16		56114		4.72186
11101110110001110110001		1		0.00688795		14		60403		4.69119
1111111111100000111		4		0.172944		20		55272		4.81927
1111111111100000111		3		0.101021		18		56055		4.7252
1111111111100000111		2		0.0473891		16		56518		4.78685
1111111111100000111		1		0.0212794		14		61793		4.70283
11111111111111		4		0.158933		17		55936		4.89965
11111111111111		3		0.10658		16		56318		4.94321
11111111111111		2		0.0675984		15		57588		4.87264
11111111111111		1		0.0388054		14		62437		4.9259
110101111001100010111		4		0.17735		19		55801		2.22305
110101111001100010111		3		0.0526603		17		56101		2.2238
110101111001100010111		2		0.0100767		15		56241		2.22433
110101111001100010111		1		0		13		76450		2.25258
11111111110000111		4		0.0744357		19		56092		2.19116
11111111110000111		3		0.0362948		17		56254		2.21789
11111111110000111		2		0.0204107		15		57827		2.21103
11111111110000111		1		0.00770768		13		81555		2.21671
1111111111111		5		0.141538		17		55971		2.38332
1111111111111		4		0.0957836		16		56346		2.38277
1111111111111		3		0.061332		15		57600		2.41182
1111111111111		2		0.0362067		14		62442		2.39245
1111111111111		1		0.0184656		13		82199		2.43536
1110100111010011101		5		0.17069		20		55796		1.57394
1110100111010011101		4		0.0662701		18		56058		1.57175
1110100111010011101		3		0.0325414		16		56189		1.57946
1110100111010011101		2		0		14		56485		1.57436
11111111100111		6		0.15232		19		55865		1.5554
11111111100111		5		0.0934637		18		56036		1.55794
11111111100111		4		0.0439317		17		56234		1.56792
11111111100111		3		0.0206674		16		56591		1.56873
11111111100111		2		0.00125609		14		63544		1.56551
11111111100111		1		0		12		176634		1.71215
111111111111		7		0.176209		18		55835		1.6547
111111111111		6		0.123452		17		56011		1.66416
111111111111		5		0.0831495		16		56370		1.65702
111111111111		4		0.0533748		15		57620		1.67095
111111111111		3		0.031287		14		62460		1.67964
111111111111		2		0.0164671		13		82210		1.69167
111111111111		1		0.00644409		12		164383		1.797
11111101110101		7		0.139313		20		55892		1.6043
11111101110101		6		0.088486		19		56025		1.6041
11111101110101		5		0.0473198		18		56197		1.60198
11111101110101		4		0.0180888		17		56407		1.60289
11111101110101		3		0.00222381		15		57166		1.60471
11111101110101		2		0		13		65036		1.61444
1111111001111		7		0.13348		19		55904		1.49224
1111111001111		6		0.0814866		18		56054		1.49461
1111111001111		5		0.0387703		17		56230		1.49298
1111111001111		4		0.0104781		16		56592		1.4963
1111111001111		3		0.000977943		15		57819		1.4946
1111111001111		2		0		13		86609		1.5357
11111111111		8		0.150439		18		55884		1.50509
11111111111		7		0.104098		17		56049		1.50739
11111111111		6		0.0695342		16		56413		1.50689
11111111111		5		0.0431815		15		57659		1.50841
11111111111		4		0.02514		14		62479		1.51832
11111111111		3		0.0126848		13		82234		1.54613
11111111111		2		0.00433946		12		164395		1.65537
11111111111		1		0.000629946		11		506434		2.10812
111001001010011101		7		0.19146		22		55751		1.70254
111001001010011101		6		0.0977313		20		56003		1.70624
111001001010011101		5		0.0403468		18		56133		1.70411
111001001010011101		4		0.00941556		16		56243		1.70603
111001001010011101		3		0		14		56313		1.70607
1111111000111		9		0.191845		21		55780		1.81914
1111111000111		8		0.121698		20		55936		1.82157
1111111000111		7		0.0626897		19		56072		1.82291
1111111000111		6		0.0278094		18		56205		1.82289
1111111000111		5		0.0131732		17		56337		1.8225
1111111000111		4		0.000977943		16		56700		1.82136
1111111000111		3		0		14		63720		1.83509
1111111111		10		0.175155		19		55816		1.83803
1111111111		9		0.123811		18		55938		1.83507
1111111111		8		0.0843332		17		56110		1.84282
1111111111		7		0.0536016		16		56468		1.83731
1111111111		6		0.0324223		15		57691		1.84412
1111111111		5		0.0172881		14		62508		1.84738
1111111111		4		0.00622972		13		82281		1.88254
1111111111		3		0		12		164488		2.00208
111001001010001011		7		0.0888393		21		56016		2.35885
111001001010001011		6		0.0325755		19		56170		2.36036
111001001010001011		5		0.00568398		17		56263		2.36182
111001001010001011		4		0		15		56280		2.36106
111111100011		10		0.117715		21		55920		2.83939
111111100011		9		0.0839294		20		56025		2.83921
111111100011		8		0.0525569		19		56111		2.83659
111111100011		7		0.0220344		18		56234		2.83888
111111100011		6		0.00601343		17		56409		2.8434
111111100011		5		0		16		56945		2.84625
111111111		12		0.199691		20		55749		2.85314
111111111		11		0.14113		19		55879		2.85053
111111111		10		0.097469		18		56010		2.85766
111111111		9		0.0622549		17		56179		2.84845
111111111		8		0.0378914		16		56514		2.86027
111111111		7		0.0201226		15		57735		2.85371
111111111		6		0		14		62602		2.86643
101001111000101		9		0.115639		23		55950		5.88636
101001111000101		8		0.0604915		22		56096		5.88968
101001111000101		7		0.0272555		20		56195		5.87875
101001111000101		6		0.00736023		18		56275		5.88746
101001111000101		5		0.000538865		16		56410		5.89775
101001111000101		4		0		14		57234		5.87741
11111100011		12		0.137901		22		55869		6.68125
11111100011		11		0.0995027		21		55981		6.71654
11111100011		10		0.061143		20		56084		6.67012
11111100011		9		0.0283357		19		56172		6.69624
11111100011		8		0.00433946		18		56291		6.66173
11111100011		7		0.000629946		17		56440		6.66313
11111100011		6		0		16		56966		6.66765
11111111		13		0.156545		20		55835		6.76091
11111111		12		0.107315		19		55966		6.6999
11111111		11		0.0680436		18		56102		6.74784
11111111		10		0.0405005		17		56242		6.7343
11111111		9		0		16		56615		6.76949
10110000001100101		9		0.0911388		23		55985		17.0765
10110000001100101		8		0.0416588		21		56139		17.7146
10110000001100101		7		0.00797908		19		56239		17.5073
10110000001100101		6		0		17		56277		16.8844
1111100011		14		0.156923		23		55802		21.6755
1111100011		13		0.112614		22		55951		21.5689
1111100011		12		0.07165		21		56059		21.7244
1111100011		11		0.0172881		20		56201		21.6543
1111100011		10		0.00622972		19		56244		21.6243
1111100011		9		0		18		56322		21.4845
1111111		15		0.169642		21		55798		22.4977
1111111		14		0.115128		20		55946		22.3798
1111111		13		0.0710967		19		56073		22.3879
1111111		12		0		18		56269		22.3111
