shape		t		lossrate		minCoverage		PM		runtime

1111111111		40		0.146875		49		52103		3.24408
1111111111		39		0		48		53591		3.2336
1111111111		40		0.146875		49		52103		3.36627
1111111111		39		0		48		53591		3.39303
11111110111		38		0.0788267		48		53195		3.34186
11111110111		37		0.00867112		47		53837		3.4168
11111110111		36		0		46		54219		3.35574
11111111011		38		0.0788267		48		53234		3.33036
11111111011		37		0.00867112		47		53884		3.33928
11111111011		36		0		46		54263		3.34051
111111100111		37		0.135504		48		52595		3.29824
111111100111		36		0.0778424		47		53430		3.31443
111111100111		35		0.0239806		46		54072		3.32446
111111100111		34		0.00733635		45		54461		3.3552
111111100111		33		0		44		54755		3.38706
111111110011		37		0.135504		48		52698		3.32445
111111110011		36		0.0778424		47		53494		3.37613
111111110011		35		0.0239806		46		54141		3.37596
111111110011		34		0.00733635		45		54506		3.31184
111111110011		33		0		44		54809		3.31469
11111111111		37		0.12136		47		52629		2.60815
11111111111		36		0		46		53860		2.6333
11111111111		37		0.12136		47		52629		2.61558
11111111111		36		0		46		53860		2.64563
111111110111		36		0.179638		47		52170		2.67153
111111110111		35		0.0658227		46		53529		2.7435
111111110111		34		0.00733635		45		54095		2.75539
111111110111		33		0		44		54434		2.75843
111111111011		36		0.179638		47		52217		2.67019
111111111011		35		0.0658227		46		53564		2.74039
111111111011		34		0.00733635		45		54131		2.7497
111111111011		33		0		44		54479		2.75294
1111111100111		35		0.173411		47		52052		2.63876
1111111100111		34		0.112803		46		53027		2.656
1111111100111		33		0.0645543		45		53764		2.66832
1111111100111		32		0.0201587		44		54336		2.67637
1111111100111		31		0.00611341		43		54680		2.68326
1111111100111		30		0		42		54936		2.68154
1111111110011		35		0.177158		47		52095		2.64127
1111111110011		34		0.112803		46		53108		2.65829
1111111110011		33		0.0645543		45		53830		2.66855
1111111110011		32		0.0201587		44		54395		2.67513
1111111110011		31		0.00611341		43		54708		2.6792
1111111110011		30		0		42		54975		2.68258
111111111111		35		0.179373		46		52199		2.70116
111111111111		34		0.0988751		45		53060		2.71312
111111111111		33		0		44		54132		2.73371
111111111111		35		0.179373		46		52199		2.70008
111111111111		34		0.0988751		45		53060		2.72027
111111111111		33		0		44		54132		2.74032
1111111110111		34		0.177995		46		52039		2.73379
1111111110111		33		0.146903		45		52711		2.74655
1111111110111		32		0.0541298		44		53843		2.76687
1111111110111		31		0.00611341		43		54366		2.77304
1111111110111		30		0		42		54674		2.77399
1111111111011		34		0.179851		46		52065		3.0431
1111111111011		33		0.146903		45		52751		3.06024
1111111111011		32		0.0541298		44		53875		3.06915
1111111111011		31		0.00611341		43		54396		3.07672
1111111111011		30		0		42		54700		3.09762
11111111100111		33		0.17453		46		52050		2.79533
11111111100111		32		0.142314		45		52629		2.81244
11111111100111		31		0.0927119		44		53471		2.86192
11111111100111		30		0.0528739		43		54105		2.85582
11111111100111		29		0.0166694		42		54603		2.84218
11111111100111		28		0.00500277		41		54875		2.83082
11111111100111		27		0		40		55129		2.83043
11111111110011		33		0.178239		46		52088		3.12612
11111111110011		32		0.14572		45		52663		3.16017
11111111110011		31		0.0927119		44		53536		3.0694
11111111110011		30		0.0528739		43		54157		3.36268
11111111110011		29		0.0166694		42		54648		3.0385
11111111110011		28		0.00500277		41		54907		3.04786
11111111110011		27		0		40		55161		3.08609
1111111111111		33		0.184077		45		52072		5.09656
1111111111111		32		0.146479		44		52722		4.60418
1111111111111		31		0.0793073		43		53492		5.41809
1111111111111		30		0		42		54392		5.58988
1111111111111		33		0.184077		45		52072		4.09725
1111111111111		32		0.146479		44		52722		4.09912
1111111111111		31		0.0793073		43		53492		4.12062
1111111111111		30		0		42		54392		4.21183
11111111110111		32		0.177048		45		52061		3.65387
11111111110111		31		0.145428		44		52637		3.63045
11111111110111		30		0.118776		43		53223		3.67066
11111111110111		29		0.0439369		42		54185		3.71913
11111111110111		28		0.00500277		41		54614		3.76527
11111111110111		27		0		40		54879		3.76329
11111111111011		32		0.182894		45		52048		4.00383
11111111111011		31		0.147114		44		52657		4.00111
11111111111011		30		0.118776		43		53259		3.89361
11111111111011		29		0.0439369		42		54204		3.9427
11111111111011		28		0.00500277		41		54639		4.04375
11111111111011		27		0		40		54906		3.95782
111111111100111		31		0.174458		45		52108		3.67711
111111111100111		30		0.143322		44		52643		3.68136
111111111100111		29		0.115496		43		53172		3.70362
111111111100111		28		0.0752729		42		53884		3.71456
111111111100111		27		0.0426778		41		54445		3.72398
111111111100111		26		0.0135127		40		54820		3.72535
111111111100111		25		0.00400413		39		55073		3.7199
111111111100111		24		0		38		55298		3.71184
111111111110011		31		0.182147		45		52101		3.6603
111111111110011		30		0.146693		44		52678		3.61196
111111111110011		29		0.118586		43		53198		3.62851
111111111110011		28		0.0752729		42		53932		3.64195
111111111110011		27		0.0426778		41		54476		3.65843
111111111110011		26		0.0135127		40		54865		3.66015
111111111110011		25		0.00400413		39		55108		3.65114
111111111110011		24		0		38		55323		3.64606
11111111111111		31		0.18102		44		52079		6.69807
11111111111111		30		0.150288		43		52654		6.67238
11111111111111		29		0.117929		42		53240		6.65826
11111111111111		28		0.0630169		41		53899		6.68994
11111111111111		27		0		40		54648		6.7182
11111111111111		31		0.18102		44		52079		6.52882
11111111111111		30		0.150288		43		52654		6.56617
11111111111111		29		0.117929		42		53240		6.5853
11111111111111		28		0.0630169		41		53899		6.60742
11111111111111		27		0		40		54648		6.60312
111111111110111		30		0.178699		44		52119		6.6262
111111111110111		29		0.144597		43		52675		6.70381
111111111110111		28		0.117457		42		53178		6.74121
111111111110111		27		0.0949669		41		53692		6.71012
111111111110111		26		0.03512		40		54491		6.73192
111111111110111		25		0.00400413		39		54853		6.73343
111111111110111		24		0		38		55087		6.60678
111111111111011		30		0.179313		44		52144		8.72497
111111111111011		29		0.149793		43		52666		8.62703
111111111111011		28		0.118985		42		53196		8.45174
111111111111011		27		0.0949669		41		53727		8.54929
111111111111011		26		0.03512		40		54496		8.76938
111111111111011		25		0.00400413		39		54865		8.49457
111111111111011		24		0		38		55112		8.61491
1111111111100111		29		0.176854		44		52159		10.3539
1111111111100111		28		0.14321		43		52703		10.3517
1111111111100111		27		0.116333		42		53209		9.6145
1111111111100111		26		0.0923691		41		53676		9.7016
1111111111100111		25		0.0600502		40		54273		9.67379
1111111111100111		24		0.0336747		39		54693		10.4829
1111111111100111		23		0.0106874		38		55037		10.8966
1111111111100111		22		0.00311676		37		55274		9.91472
1111111111100111		21		0		36		55464		10.6903
1111111111110011		29		0.17802		44		52210		10.9925
1111111111110011		28		0.149982		43		52692		9.72917
1111111111110011		27		0.119393		42		53213		9.26946
1111111111110011		26		0.095151		41		53691		10.3342
1111111111110011		25		0.0600502		40		54307		10.3856
1111111111110011		24		0.0336747		39		54727		9.95733
1111111111110011		23		0.0106874		38		55077		10.5749
1111111111110011		22		0.00311676		37		55296		9.50343
1111111111110011		21		0		36		55477		9.63734
