shape		t		lossrate		minCoverage	PM		runtime

1111011010001110011011		11		0.150109		32		62559		5.72247
1111011010001110011011		10		0.102567		31		62569		5.72165
1111011010001110011011		9		0.0635474		30		62578		5.72748
1111011010001110011011		8		0.0346554		28		62587		5.73349
1111011010001110011011		7		0.0155604		26		62588		5.73992
1111011010001110011011		6		0.00546605		24		62589		5.75974
1111011010001110011011		5		0.00138954		22		62589		5.73919
1111011010001110011011		4		0.000230194		20		62589		5.74077
1111011010001110011011		3		2.23752e-05		18		62589		5.71792
1111011010001110011011		2		1.73626e-06		16		62593		5.73241
1111011010001110011011		1		0		14		79423		5.77611
11101110110001110110001		11		0.154089		33		62535		6.3014
11101110110001110110001		10		0.110048		32		62564		6.26374
11101110110001110110001		9		0.0735474		30		62572		6.77198
11101110110001110110001		8		0.0456173		28		62580		6.26755
11101110110001110110001		7		0.0250963		26		62583		5.61614
11101110110001110110001		6		0.0119582		24		62588		5.62346
11101110110001110110001		5		0.00465111		22		62588		5.62708
11101110110001110110001		4		0.00141486		20		62589		5.90086
11101110110001110110001		3		0.000285218		18		62589		5.93858
11101110110001110110001		2		2.2935e-05		16		62613		5.92669
11101110110001110110001		1		1.62924e-07		14		78736		5.80367
