shape		t		lossrate		minCoverage	PM		runtime

1111011010001110011011		24		0.188008		45		58906		6.20443
1111011010001110011011		23		0.147279		44		59033		6.18053
1111011010001110011011		22		0.110697		43		59118		6.18146
1111011010001110011011		21		0.0796323		42		59183		6.18682
1111011010001110011011		20		0.0536933		41		59253		6.18391
1111011010001110011011		19		0.0320365		40		59288		6.18166
1111011010001110011011		18		0.0182327		39		59312		6.18529
1111011010001110011011		17		0.00997589		38		59330		6.18161
1111011010001110011011		16		0.00484966		37		59349		6.18458
1111011010001110011011		15		0.00200535		36		59361		6.19235
1111011010001110011011		14		0.000424732		35		59370		6.18462
1111011010001110011011		13		7.67992e-05		34		59379		6.18389
1111011010001110011011		12		0		33		59380		6.18046
11101110110001110110001		24		0.190874		46		58794		6.22335
11101110110001110110001		23		0.154511		45		58937		6.15182
11101110110001110110001		22		0.119981		44		59054		6.15723
11101110110001110110001		21		0.0906049		43		59150		6.1571
11101110110001110110001		20		0.0647325		42		59228		6.15753
11101110110001110110001		19		0.0445295		41		59268		6.16539
11101110110001110110001		18		0.029037		40		59294		6.15667
11101110110001110110001		17		0.0178128		39		59321		6.15951
11101110110001110110001		16		0.0103808		38		59343		6.16284
11101110110001110110001		15		0.00552288		37		59356		6.15785
11101110110001110110001		14		0.00252466		36		59362		6.16118
11101110110001110110001		13		0.000932042		35		59375		6.15887
11101110110001110110001		12		0.000214351		34		59377		6.15651
11101110110001110110001		11		4.06519e-05		33		59378		6.1563
11101110110001110110001		10		0		32		59380		6.15847
1111111111100000111		26		0.196276		44		58828		5.93451
1111111111100000111		25		0.160593		43		58944		5.98078
1111111111100000111		24		0.128335		42		59054		5.89135
1111111111100000111		23		0.0904742		41		59189		5.90768
1111111111100000111		22		0.0685217		40		59236		5.86008
1111111111100000111		21		0.0510596		39		59269		5.91386
1111111111100000111		20		0.0361903		38		59287		5.87881
1111111111100000111		19		0.0265754		37		59304		5.95015
1111111111100000111		18		0.0173059		36		59320		5.92421
1111111111100000111		17		0.0112571		35		59338		5.94286
1111111111100000111		16		0.00647039		34		59353		5.9385
1111111111100000111		15		0.00178583		33		59368		5.9967
1111111111100000111		14		0.000650668		32		59374		5.96189
1111111111100000111		13		0.000132131		31		59378		5.92711
1111111111100000111		12		0		30		59381		5.97919
11111111111111		27		0.185322		40		59045		5.93527
11111111111111		26		0.147995		39		59116		5.86928
11111111111111		25		0.116469		38		59166		5.94202
11111111111111		24		0.0900106		37		59218		5.86178
11111111111111		23		0.0687653		36		59252		5.87428
11111111111111		22		0.0522885		35		59284		5.93545
11111111111111		21		0.0393644		34		59310		5.86193
11111111111111		20		0.0290436		33		59326		5.86627
11111111111111		19		0.02092		32		59341		5.8747
11111111111111		18		0.0146017		31		59349		5.86538
11111111111111		17		0.00968525		30		59359		5.86403
11111111111111		16		0.00592444		29		59364		5.90689
11111111111111		15		0.00321784		28		59370		5.86289
11111111111111		14		0		27		59379		5.97173
110101111001100010111		26		0.196779		46		58874		3.64421
110101111001100010111		25		0.151517		45		59046		3.66354
110101111001100010111		24		0.1113		44		59130		3.64695
110101111001100010111		23		0.0787625		43		59204		3.65353
110101111001100010111		22		0.0530778		42		59245		3.64687
110101111001100010111		21		0.0337654		41		59276		3.65205
110101111001100010111		20		0.0205513		40		59315		3.65356
110101111001100010111		19		0.0107572		39		59332		3.65422
110101111001100010111		18		0.00496313		38		59350		3.65151
110101111001100010111		17		0.00158997		37		59365		3.65401
110101111001100010111		16		0.000401132		36		59374		3.65108
110101111001100010111		15		3.61524e-06		35		59378		3.64913
110101111001100010111		14		0		34		59380		3.66373
11111111110000111		28		0.187105		44		58824		3.38559
11111111110000111		27		0.141664		43		59108		3.41718
11111111110000111		26		0.109362		42		59164		3.36609
11111111110000111		25		0.0823571		41		59215		3.38014
11111111110000111		24		0.0573644		40		59255		3.37067
11111111110000111		23		0.040636		39		59279		3.37695
11111111110000111		22		0.030348		38		59296		3.40346
11111111110000111		21		0.0210385		37		59316		3.37058
11111111110000111		20		0.0104982		36		59338		3.38328
11111111110000111		19		0.00647223		35		59351		3.36967
11111111110000111		18		0.00349631		34		59361		3.37118
11111111110000111		17		0.00068237		33		59373		3.41781
11111111110000111		16		0.000246577		32		59378		3.38393
11111111110000111		15		5.00998e-05		31		59379		3.40437
11111111110000111		14		0		30		59382		3.37163
1111111111111		29		0.173743		41		59065		3.3679
1111111111111		28		0.137665		40		59128		3.37296
1111111111111		27		0.107506		39		59187		3.37731
1111111111111		26		0.0823551		38		59228		3.36737
1111111111111		25		0.0621349		37		59266		3.37358
1111111111111		24		0.0464412		36		59298		3.37681
1111111111111		23		0.0341977		35		59313		3.41845
1111111111111		22		0.0245258		34		59337		3.38063
1111111111111		21		0.016956		33		59345		3.37194
1111111111111		20		0.0110388		32		59353		3.3778
1111111111111		19		0.00650008		31		59361		3.37973
1111111111111		18		0		30		59373		3.37023
1110100111010011101		28		0.170735		46		58977		2.94662
1110100111010011101		27		0.128561		45		59124		2.96126
1110100111010011101		26		0.0936957		44		59183		2.95503
1110100111010011101		25		0.0652025		43		59237		2.95773
1110100111010011101		24		0.0435467		42		59272		2.95431
1110100111010011101		23		0.0269908		41		59288		2.94883
1110100111010011101		22		0.0162033		40		59319		2.95715
1110100111010011101		21		0.0074856		39		59343		2.95443
1110100111010011101		20		0.00267239		38		59365		2.95476
1110100111010011101		19		0.000459344		37		59374		2.95446
1110100111010011101		18		3.90851e-05		36		59376		2.94721
1110100111010011101		17		0		35		59381		2.95194
11111111100111		31		0.19328		44		59034		2.73853
11111111100111		30		0.148062		43		59098		2.73503
11111111100111		29		0.105525		42		59169		2.74273
11111111100111		28		0.0797502		41		59221		2.7489
11111111100111		27		0.0543744		40		59271		2.7447
11111111100111		26		0.0393281		39		59297		2.74201
11111111100111		25		0.0282244		38		59323		2.73736
11111111100111		24		0.0195339		37		59334		2.75429
11111111100111		23		0.00968525		36		59354		2.75134
11111111100111		22		0.00592444		35		59362		2.73763
11111111100111		21		0.00321784		34		59366		2.73036
11111111100111		20		0		33		59378		2.73457
111111111111		31		0.159409		42		59091		2.70056
111111111111		30		0.12497		41		59156		2.70009
111111111111		29		0.0964377		40		59204		2.6919
111111111111		28		0.0727448		39		59247		2.69619
111111111111		27		0.0537636		38		59281		2.69803
111111111111		26		0.0391109		37		59305		2.69358
111111111111		25		0.0277707		36		59328		2.69035
111111111111		24		0.0188731		35		59339		2.69663
111111111111		23		0.0118782		34		59349		2.70403
111111111111		22		0		33		59367		2.69401
11111101110101		33		0.189115		46		59034		3.02761
11111101110101		32		0.143199		45		59106		3.02806
11111101110101		31		0.107746		44		59165		3.02654
11111101110101		30		0.0758321		43		59223		3.03009
11111101110101		29		0.052288		42		59268		3.02626
11111101110101		28		0.034929		41		59308		3.03083
11111101110101		27		0.0228924		40		59321		3.0274
11111101110101		26		0.0151103		39		59345		3.03271
11111101110101		25		0.00784386		38		59357		3.03298
11111101110101		24		0.00321784		37		59367		3.03128
11111101110101		23		0		36		59376		3.03341
1111111001111		33		0.176933		45		59052		2.78475
1111111001111		32		0.137774		44		59105		2.78489
1111111001111		31		0.0917402		43		59189		2.78598
1111111001111		30		0.0675492		42		59240		2.78629
1111111001111		29		0.0425197		41		59288		2.786
1111111001111		28		0.0245258		40		59317		2.78937
1111111001111		27		0.016956		39		59335		2.78819
1111111001111		26		0.0110388		38		59347		2.78999
1111111001111		25		0.00650008		37		59358		2.78794
1111111001111		24		0		36		59374		2.78799
11111111111		34		0.182155		44		59054		2.70553
11111111111		33		0.142354		43		59129		2.70612
11111111111		32		0.109921		42		59185		2.71108
11111111111		31		0.0830871		41		59225		2.70772
11111111111		30		0.0610242		40		59269		2.70606
11111111111		29		0.0436168		39		59291		2.70836
11111111111		28		0.0302975		38		59323		2.71084
11111111111		27		0.0199988		37		59336		2.70626
11111111111		26		0		36		59360		2.70613
111001001010011101		32		0.178551		49		59040		3.59837
111001001010011101		31		0.125587		48		59136		3.60279
111001001010011101		30		0.0846676		47		59185		3.60202
111001001010011101		29		0.0514758		46		59242		3.60561
111001001010011101		28		0.0294158		45		59281		3.59997
111001001010011101		27		0.0161158		44		59305		3.60341
111001001010011101		26		0.00579582		43		59342		3.60312
111001001010011101		25		0.00161572		42		59356		3.60313
111001001010011101		24		0.00020339		41		59371		3.60375
111001001010011101		23		0		40		59377		3.60367
1111111000111		35		0.176453		47		59054		3.51942
1111111000111		34		0.116032		46		59139		3.51343
1111111000111		33		0.0848792		45		59207		3.51472
1111111000111		32		0.0656151		44		59236		3.51348
1111111000111		31		0.0364599		43		59300		3.51528
1111111000111		30		0.016956		42		59328		3.51474
1111111000111		29		0.0110388		41		59342		3.51565
1111111000111		28		0.00650008		40		59358		3.51665
1111111000111		27		0		39		59370		3.51989
1111111111		36		0.159851		45		59093		3.38028
1111111111		35		0.122696		44		59162		3.37651
1111111111		34		0.0923592		43		59209		3.37677
1111111111		33		0.0674079		42		59255		3.37904
1111111111		32		0.0473311		41		59280		3.3822
1111111111		31		0.0318314		40		59319		3.38116
1111111111		30		0		39		59356		3.38047
