shape		t		lossrate		minCoverage	PM		runtime

1111011010001110011011		30		0.170006		51		65623		8.43012
1111011010001110011011		29		0.138054		50		65633		8.43327
1111011010001110011011		28		0.109525		49		65640		8.45823
1111011010001110011011		27		0.084587		48		65647		8.44567
1111011010001110011011		26		0.0632228		47		65650		8.45231
1111011010001110011011		25		0.0455127		46		65655		8.45366
1111011010001110011011		24		0.0313956		45		65655		8.44956
1111011010001110011011		23		0.0205504		44		65657		8.42494
1111011010001110011011		22		0.0124606		43		65663		8.44804
1111011010001110011011		21		0.0069154		42		65663		8.4222
1111011010001110011011		20		0.00352934		41		65663		8.45693
1111011010001110011011		19		0.00164251		40		65664		8.46655
1111011010001110011011		18		0.000666394		39		65664		8.42121
1111011010001110011011		17		0.000223533		38		65664		8.46124
1111011010001110011011		16		5.83485e-05		37		65664		8.41235
1111011010001110011011		15		1.1209e-05		36		65664		8.44695
1111011010001110011011		14		1.48504e-06		35		65664		9.0932
1111011010001110011011		13		1.15372e-07		34		65664		7.84112
1111011010001110011011		12		0		33		65664		7.80301
11101110110001110110001		30		0.169738		52		65612		8.27586
11101110110001110110001		29		0.139727		51		65624		8.3423
11101110110001110110001		28		0.112791		50		65635		8.24851
11101110110001110110001		27		0.0890799		49		65642		8.36044
11101110110001110110001		26		0.0687557		48		65645		8.23927
11101110110001110110001		25		0.0516821		47		65651		8.22924
11101110110001110110001		24		0.0376797		46		65657		8.24776
11101110110001110110001		23		0.0265733		45		65659		8.37137
11101110110001110110001		22		0.0179733		44		65660		8.30384
11101110110001110110001		21		0.0115749		43		65660		8.26666
11101110110001110110001		20		0.00704125		42		65662		8.26296
11101110110001110110001		19		0.00402383		41		65662		8.24518
11101110110001110110001		18		0.00214869		40		65664		8.28177
11101110110001110110001		17		0.00105647		39		65664		8.28076
11101110110001110110001		16		0.00047568		38		65664		8.21409
11101110110001110110001		15		0.000189866		37		65664		8.28495
11101110110001110110001		14		6.47238e-05		36		65664		8.28494
11101110110001110110001		13		1.82914e-05		35		65664		8.28888
11101110110001110110001		12		4.03783e-06		34		65664		8.3173
11101110110001110110001		11		6.79383e-07		33		65664		8.28616
11101110110001110110001		10		5.57525e-08		32		65664		8.30687
11101110110001110110001		9		1.09813e-08		30		65664		8.34707
11101110110001110110001		8		0		28		65664		8.28854
1111111111100000111		32		0.182827		50		65609		7.73098
1111111111100000111		31		0.15277		49		65631		7.78877
1111111111100000111		30		0.126005		48		65642		7.78075
1111111111100000111		29		0.102086		47		65650		7.74124
1111111111100000111		28		0.081494		46		65653		7.79092
1111111111100000111		27		0.0640035		45		65653		7.78966
1111111111100000111		26		0.0492673		44		65653		7.79481
1111111111100000111		25		0.0366238		43		65655		7.85727
1111111111100000111		24		0.0265201		42		65659		7.83176
1111111111100000111		23		0.0185133		41		65662		7.74004
1111111111100000111		22		0.0121687		40		65663		7.83141
1111111111100000111		21		0.00791997		39		65663		7.74428
1111111111100000111		20		0.00493992		38		65663		7.76175
1111111111100000111		19		0.00294847		37		65663		7.72256
1111111111100000111		18		0.00165107		36		65663		7.75086
1111111111100000111		17		0.000773049		35		65664		7.83041
1111111111100000111		16		0.000309166		34		65664		7.77046
1111111111100000111		15		8.80638e-05		33		65664		7.75876
1111111111100000111		14		1.29889e-05		32		65664		7.75573
1111111111100000111		13		1.79126e-06		31		65664		7.77834
1111111111100000111		12		1.01411e-07		30		65664		7.73776
1111111111100000111		11		0		29		65664		7.82701
11111111111111		33		0.188885		46		65619		7.759
11111111111111		32		0.161375		45		65634		7.78773
11111111111111		31		0.136569		44		65640		7.76674
11111111111111		30		0.114352		43		65643		7.78368
11111111111111		29		0.0946517		42		65646		7.74173
11111111111111		28		0.0774119		41		65649		7.76432
11111111111111		27		0.0623332		40		65654		8.00856
11111111111111		26		0.049353		39		65657		7.77988
11111111111111		25		0.0383901		38		65660		7.81055
11111111111111		24		0.0294739		37		65660		7.83326
11111111111111		23		0.0223003		36		65661		8.19032
11111111111111		22		0.0165731		35		65661		7.76713
11111111111111		21		0.0120178		34		65663		7.78989
11111111111111		20		0.0083649		33		65663		7.77936
11111111111111		19		0.00573186		32		65663		7.82954
11111111111111		18		0.00386144		31		65663		7.79668
11111111111111		17		0.00254738		30		65664		7.83359
11111111111111		16		0.00163357		29		65664		7.81337
11111111111111		15		0.0010104		28		65664		7.80293
11111111111111		14		0.000597339		27		65664		7.7599
11111111111111		13		0.00033237		26		65664		7.77392
11111111111111		12		0.000171177		25		65664		7.80672
11111111111111		11		7.96525e-05		24		65664		7.76981
11111111111111		10		3.24164e-05		23		65664		7.76353
11111111111111		9		1.06294e-05		22		65666		7.75794
11111111111111		8		2.24575e-06		21		65666		7.76074
11111111111111		7		0		20		65675		7.80554
110101111001100010111		33		0.192712		53		65618		5.08315
110101111001100010111		32		0.156952		52		65628		5.10765
110101111001100010111		31		0.124878		51		65645		5.47844
110101111001100010111		30		0.09696		50		65650		5.3685
110101111001100010111		29		0.0732799		49		65650		5.07542
110101111001100010111		28		0.0535549		48		65656		5.0742
110101111001100010111		27		0.0375404		47		65657		5.08582
110101111001100010111		26		0.0249628		46		65658		5.09256
110101111001100010111		25		0.0155786		45		65661		5.08505
110101111001100010111		24		0.00905832		44		65662		5.08864
110101111001100010111		23		0.00483623		43		65662		5.07642
110101111001100010111		22		0.00233384		42		65664		5.08435
110101111001100010111		21		0.000979418		41		65664		5.0637
110101111001100010111		20		0.000343012		40		65664		5.09063
110101111001100010111		19		9.34219e-05		39		65664		5.10105
110101111001100010111		18		1.89558e-05		38		65664		5.08256
110101111001100010111		17		2.04525e-06		37		65664		5.10086
110101111001100010111		16		2.45519e-07		36		65664		5.06709
110101111001100010111		15		0		35		65664		5.08613
11111111110000111		35		0.190784		51		65617		4.50597
11111111110000111		34		0.158585		50		65632		4.48483
11111111110000111		33		0.130173		49		65646		4.49644
11111111110000111		32		0.105576		48		65646		4.48352
11111111110000111		31		0.0833076		47		65651		4.52888
11111111110000111		30		0.0647151		46		65655		4.52502
11111111110000111		29		0.0491837		45		65656		4.49874
11111111110000111		28		0.035792		44		65658		4.5048
11111111110000111		27		0.0256601		43		65660		4.48056
11111111110000111		26		0.0178214		42		65663		4.49043
11111111110000111		25		0.0117626		41		65663		4.47833
11111111110000111		24		0.00759511		40		65663		4.50192
11111111110000111		23		0.00476905		39		65663		4.49909
11111111110000111		22		0.00277427		38		65663		4.51737
11111111110000111		21		0.00139515		37		65663		4.49251
11111111110000111		20		0.000677278		36		65664		4.49989
11111111110000111		19		0.000261564		35		65664		4.48792
11111111110000111		18		6.23248e-05		34		65664		4.5132
11111111110000111		17		1.36562e-05		33		65664		4.48178
11111111110000111		16		1.36384e-06		32		65664		4.47454
11111111110000111		15		0		31		65664		4.50041
1111111111111		36		0.19993		48		65618		4.61214
1111111111111		35		0.169539		47		65633		4.58272
1111111111111		34		0.142445		46		65637		4.61055
1111111111111		33		0.118425		45		65644		4.61131
1111111111111		32		0.0973081		44		65646		4.64194
1111111111111		31		0.0789061		43		65649		4.60781
1111111111111		30		0.0628898		42		65655		4.61022
1111111111111		29		0.0492002		41		65658		4.62314
1111111111111		28		0.0377534		40		65660		4.67016
1111111111111		27		0.0285403		39		65661		4.61223
1111111111111		26		0.0211765		38		65661		4.70485
1111111111111		25		0.0150084		37		65662		4.33265
1111111111111		24		0.0104603		36		65662		4.45889
1111111111111		23		0.00717185		35		65663		4.36139
1111111111111		22		0.00483018		34		65663		4.29809
1111111111111		21		0.00318303		33		65663		4.2801
1111111111111		20		0.0020355		32		65664		4.31354
1111111111111		19		0.00125097		31		65664		4.38228
1111111111111		18		0.000729029		30		65664		4.37359
1111111111111		17		0.000393931		29		65664		4.38199
1111111111111		16		0.00019156		28		65664		4.34045
1111111111111		15		7.93433e-05		27		65664		4.28309
1111111111111		14		2.45344e-05		26		65664		4.26823
1111111111111		13		0		25		65664		5.79369
1110100111010011101		36		0.192285		54		65618		3.94161
1110100111010011101		35		0.155727		53		65633		3.94837
1110100111010011101		34		0.123419		52		65643		3.94718
1110100111010011101		33		0.0953912		51		65647		3.95947
1110100111010011101		32		0.0717999		50		65655		3.94967
1110100111010011101		31		0.052318		49		65655		3.96584
1110100111010011101		30		0.0366496		48		65660		3.98021
1110100111010011101		29		0.0245601		47		65660		3.92928
1110100111010011101		28		0.0156155		46		65660		3.95621
1110100111010011101		27		0.00930286		45		65663		3.94858
1110100111010011101		26		0.00509294		44		65663		3.94192
1110100111010011101		25		0.00251896		43		65663		3.94732
1110100111010011101		24		0.0010618		42		65664		3.9605
1110100111010011101		23		0.00034392		41		65664		3.97073
1110100111010011101		22		7.52672e-05		40		65664		3.95915
1110100111010011101		21		8.19256e-06		39		65664		3.94397
1110100111010011101		20		1.10102e-07		38		65664		3.96276
1110100111010011101		19		0		37		65664		3.93481
11111111100111		38		0.185678		51		65632		3.89895
11111111100111		37		0.153045		50		65640		3.91614
11111111100111		36		0.124037		49		65643		3.92272
11111111100111		35		0.0988251		48		65654		3.91665
11111111100111		34		0.0770331		47		65656		3.94329
11111111100111		33		0.0587647		46		65659		4.09403
11111111100111		32		0.0439855		45		65660		3.96057
11111111100111		31		0.0319567		44		65661		3.97553
11111111100111		30		0.0226106		43		65661		3.96867
11111111100111		29		0.0155082		42		65662		3.96508
11111111100111		28		0.0103054		41		65662		4.00517
11111111100111		27		0.00638502		40		65663		3.97672
11111111100111		26		0.00392519		39		65663		3.98136
11111111100111		25		0.0023101		38		65663		3.94895
11111111100111		24		0.00122698		37		65663		3.9375
11111111100111		23		0.000608911		36		65664		3.97851
11111111100111		22		0.000296888		35		65664		3.95494
11111111100111		21		0.000122507		34		65664		3.98157
11111111100111		20		3.24164e-05		33		65664		3.94696
11111111100111		19		1.06294e-05		32		65664		3.98444
11111111100111		18		2.24575e-06		31		65664		3.95472
11111111100111		17		0		30		65664		3.98124
111111111111		38		0.17398		49		65631		3.56309
111111111111		37		0.144793		48		65640		3.51993
111111111111		36		0.119141		47		65642		3.58828
111111111111		35		0.0967535		46		65648		3.53466
111111111111		34		0.0774094		45		65651		3.54006
111111111111		33		0.0607207		44		65658		3.53735
111111111111		32		0.0466095		43		65658		3.57287
111111111111		31		0.0349628		42		65659		3.58161
111111111111		30		0.0248918		41		65661		3.57306
111111111111		29		0.0175067		40		65662		3.55625
111111111111		28		0.0121213		39		65662		3.5457
111111111111		27		0.00823414		38		65663		3.58825
111111111111		26		0.00547602		37		65663		3.60081
111111111111		25		0.00354537		36		65663		3.57835
111111111111		24		0.00220944		35		65663		3.54748
111111111111		23		0.00130474		34		65664		3.57479
111111111111		22		0.000712701		33		65664		3.57473
111111111111		21		0.000342756		32		65664		3.52814
111111111111		20		0.000130538		31		65664		3.56147
111111111111		19		0		30		65664		3.53608
11111101110101		41		0.198153		54		65626		3.93375
11111101110101		40		0.161798		53		65637		3.93504
11111101110101		39		0.129016		52		65646		3.93627
11111101110101		38		0.101137		51		65651		3.95437
11111101110101		37		0.0774107		50		65657		3.94155
11111101110101		36		0.0575943		49		65660		3.9128
11111101110101		35		0.0418491		48		65660		3.913
11111101110101		34		0.0293419		47		65661		3.95589
11111101110101		33		0.019836		46		65661		3.92644
11111101110101		32		0.0128979		45		65661		3.94324
11111101110101		31		0.00807792		44		65663		3.95473
11111101110101		30		0.00479508		43		65663		3.92111
11111101110101		29		0.00262996		42		65663		3.92005
11111101110101		28		0.00135692		41		65663		3.94306
11111101110101		27		0.000641376		40		65664		3.94231
11111101110101		26		0.000269033		39		65664		3.93588
11111101110101		25		9.26974e-05		38		65664		3.94833
11111101110101		24		2.02035e-05		37		65664		3.96116
11111101110101		23		2.24575e-06		36		65664		3.97739
11111101110101		22		0		35		65664		4.06512
1111111001111		41		0.192158		53		65631		3.57099
1111111001111		40		0.155655		52		65638		3.54836
1111111001111		39		0.123698		51		65646		3.52504
1111111001111		38		0.0961349		50		65654		3.48988
1111111001111		37		0.072377		49		65659		3.52874
1111111001111		36		0.0531351		48		65660		3.53396
1111111001111		35		0.0378712		47		65661		3.53279
1111111001111		34		0.0260756		46		65661		3.56038
1111111001111		33		0.0174408		45		65661		3.55095
1111111001111		32		0.0108258		44		65661		3.54221
1111111001111		31		0.00666409		43		65662		3.51614
1111111001111		30		0.00379434		42		65663		3.5695
1111111001111		29		0.00210533		41		65663		3.5562
1111111001111		28		0.000950871		40		65664		3.56703
1111111001111		27		0.000393931		39		65664		3.56227
1111111001111		26		0.00019156		38		65664		3.56096
1111111001111		25		7.93433e-05		37		65664		3.55377
1111111001111		24		2.45344e-05		36		65664		3.56134
1111111001111		23		0		35		65664		3.54092
11111111111		41		0.173644		51		65632		3.4811
11111111111		40		0.142706		50		65637		3.48629
11111111111		39		0.115677		49		65645		3.45395
11111111111		38		0.0922965		48		65648		3.4722
11111111111		37		0.072304		47		65656		3.49438
11111111111		36		0.0552949		46		65659		3.48701
11111111111		35		0.0394602		45		65659		3.4584
11111111111		34		0.0276948		44		65660		3.47034
11111111111		33		0.0191543		43		65662		3.48094
11111111111		32		0.0130096		42		65662		3.46195
11111111111		31		0.00864986		41		65663		3.43135
11111111111		30		0.00558652		40		65663		3.47332
11111111111		29		0.00346755		39		65663		3.48074
11111111111		28		0.00202424		38		65663		3.42895
11111111111		27		0.0010731		37		65664		3.55586
11111111111		26		0.000476334		36		65664		3.50579
11111111111		25		0		35		65664		3.4921
111001001010011101		41		0.185682		58		65627		5.17725
111001001010011101		40		0.142302		57		65637		5.16576
111001001010011101		39		0.105284		56		65648		5.1727
111001001010011101		38		0.0749287		55		65650		5.15623
111001001010011101		37		0.0507314		54		65655		4.90712
111001001010011101		36		0.0324625		53		65658		5.18632
111001001010011101		35		0.0194548		52		65661		5.68933
111001001010011101		34		0.0105767		51		65662		5.18049
111001001010011101		33		0.00516033		50		65664		5.16593
111001001010011101		32		0.0022328		49		65664		5.17512
111001001010011101		31		0.000781657		48		65664		5.67212
111001001010011101		30		0.000218308		47		65664		5.18052
111001001010011101		29		4.2583e-05		46		65664		5.17344
111001001010011101		28		4.88695e-06		45		65664		5.17299
111001001010011101		27		2.68754e-07		44		65664		5.18512
111001001010011101		26		0		43		65664		5.17525
1111111000111		44		0.198496		56		65630		4.9162
1111111000111		43		0.158019		55		65640		4.56954
1111111000111		42		0.12272		54		65651		4.54856
1111111000111		41		0.0918894		53		65659		4.56981
1111111000111		40		0.0673279		52		65660		4.56961
1111111000111		39		0.0465504		51		65661		4.56441
1111111000111		38		0.0310095		50		65661		4.62328
1111111000111		37		0.0207143		49		65661		4.40759
1111111000111		36		0.0130353		48		65661		4.44375
1111111000111		35		0.00689916		47		65662		4.36118
1111111000111		34		0.0036247		46		65663		4.43376
1111111000111		33		0.00201192		45		65663		4.47549
1111111000111		32		0.000698747		44		65663		4.42303
1111111000111		31		0.00019156		43		65664		4.38309
1111111000111		30		7.93433e-05		42		65664		4.48997
1111111000111		29		2.45344e-05		41		65664		4.45482
1111111000111		28		0		40		65664		4.46486
1111111111		44		0.167364		53		65632		4.36571
1111111111		43		0.135059		52		65642		4.41361
1111111111		42		0.107098		51		65647		4.36696
1111111111		41		0.0831644		50		65659		4.32842
1111111111		40		0.0596602		49		65659		4.38601
1111111111		39		0.0420412		48		65660		4.36972
1111111111		38		0.0289964		47		65660		4.33675
1111111111		37		0.0195115		46		65662		4.85497
1111111111		36		0.0128052		45		65663		4.27976
1111111111		35		0.00814451		44		65663		4.27727
1111111111		34		0.00494707		43		65663		4.27587
1111111111		33		0.00278329		42		65663		4.27516
1111111111		32		0.00136159		41		65663		4.27621
1111111111		31		0		40		65664		4.28005
