shape		t		lossrate		minCoverage	PM		runtime

1111011010001110011011		19		0.164706		40		55119		5.64595
1111011010001110011011		18		0.109251		39		55445		5.63655
1111011010001110011011		17		0.0792798		38		55638		5.6293
1111011010001110011011		16		0.0518911		37		55811		5.64924
1111011010001110011011		15		0.0254497		36		55989		5.68128
1111011010001110011011		14		0.00966603		35		56116		5.65675
1111011010001110011011		13		0.00355038		34		56182		5.65349
1111011010001110011011		12		0.000959489		33		56227		5.66097
1111011010001110011011		11		0		32		56253		5.65543
11101110110001110110001		19		0.167553		41		55109		5.63644
11101110110001110110001		18		0.12805		40		55366		5.63575
11101110110001110110001		17		0.0988805		39		55547		5.65107
11101110110001110110001		16		0.0662631		38		55735		5.53191
11101110110001110110001		15		0.0428662		37		55898		5.48357
11101110110001110110001		14		0.0253371		36		56030		5.49513
11101110110001110110001		13		0.0115704		35		56131		5.49671
11101110110001110110001		12		0.00523327		34		56186		5.49236
11101110110001110110001		11		0.00121573		33		56233		6.0676
11101110110001110110001		10		0		32		56258		6.2161
1111111111100000111		22		0.164867		40		55083		5.72999
1111111111100000111		21		0.136898		39		55262		5.6661
1111111111100000111		20		0.114426		38		55432		6.68228
1111111111100000111		19		0.0926739		37		55590		6.86564
1111111111100000111		18		0.0732962		36		55708		6.09245
1111111111100000111		17		0.0471451		35		55881		5.96407
1111111111100000111		16		0.0341438		34		55962		5.72029
1111111111100000111		15		0.0228623		33		56059		6.7819
1111111111100000111		14		0.00526029		32		56167		7.00073
1111111111100000111		13		0.0023138		31		56211		6.82388
1111111111100000111		12		0.000582162		30		56242		6.53323
1111111111100000111		11		0		29		56257		5.46531
