shape		t		lossrate		minCoverage	PM		runtime

1111011010001110011011		24		0.165824		45		71924		7.83326
1111011010001110011011		23		0.13426		44		71926		8.0131
1111011010001110011011		22		0.105889		43		71926		7.92919
1111011010001110011011		21		0.0809127		42		71926		7.96399
1111011010001110011011		20		0.0595726		41		71926		8.0764
1111011010001110011011		19		0.0420216		40		71926		8.03742
1111011010001110011011		18		0.0281909		39		71926		7.98272
1111011010001110011011		17		0.0178216		38		71926		7.97573
1111011010001110011011		16		0.0105014		37		71926		7.97605
1111011010001110011011		15		0.00569612		36		71926		7.94985
1111011010001110011011		14		0.00280095		35		71926		8.02026
1111011010001110011011		13		0.00122905		34		71926		7.94155
1111011010001110011011		12		0.00047261		33		71926		7.95411
1111011010001110011011		11		0.000156297		32		71926		7.98929
1111011010001110011011		10		4.32718e-05		31		71926		7.97385
1111011010001110011011		9		9.6889e-06		30		71926		7.99138
1111011010001110011011		8		1.68572e-06		28		71926		8.00421
1111011010001110011011		7		2.22681e-07		26		71926		7.94091
1111011010001110011011		6		2.13541e-08		24		71926		7.98532
1111011010001110011011		5		1.58102e-09		22		71926		8.05784
1111011010001110011011		4		3.42937e-12		20		71926		8.03891
1111011010001110011011		3		0		18		71926		8.00999
11101110110001110110001		25		0.195997		47		71914		7.92927
11101110110001110110001		24		0.163532		46		71920		7.94271
11101110110001110110001		23		0.133907		45		71924		8.03542
11101110110001110110001		22		0.107333		44		71926		7.9392
11101110110001110110001		21		0.0839649		43		71926		7.91786
11101110110001110110001		20		0.0638899		42		71926		7.9627
11101110110001110110001		19		0.0470983		41		71926		8.0075
11101110110001110110001		18		0.0335008		40		71926		7.93784
11101110110001110110001		17		0.0228924		39		71926		7.96099
11101110110001110110001		16		0.0149503		38		71926		7.96347
11101110110001110110001		15		0.00927171		37		71926		7.96388
11101110110001110110001		14		0.0054172		36		71926		7.95608
11101110110001110110001		13		0.00295618		35		71926		7.90468
11101110110001110110001		12		0.0014917		34		71926		7.98671
11101110110001110110001		11		0.000688781		33		71926		7.93311
11101110110001110110001		10		0.000287402		32		71926		7.98238
11101110110001110110001		9		0.000106546		30		71926		7.99156
11101110110001110110001		8		3.42676e-05		28		71926		7.97482
11101110110001110110001		7		9.21989e-06		26		71926		7.97448
11101110110001110110001		6		1.99421e-06		24		71926		7.97768
11101110110001110110001		5		3.28494e-07		22		71926		8.02356
11101110110001110110001		4		4.04668e-08		20		71926		7.90663
11101110110001110110001		3		3.28784e-09		18		71928		7.9748
11101110110001110110001		2		0		16		71974		7.97576
1111111111100000111		26		0.189888		44		71918		7.46056
1111111111100000111		25		0.160462		43		71920		7.42495
1111111111100000111		24		0.133506		42		71922		7.43751
1111111111100000111		23		0.109135		41		71924		7.42023
1111111111100000111		22		0.0875391		40		71926		7.46159
1111111111100000111		21		0.068803		39		71926		7.46515
1111111111100000111		20		0.0528521		38		71926		7.46235
1111111111100000111		19		0.0395706		37		71926		7.40821
1111111111100000111		18		0.0287346		36		71926		7.47206
1111111111100000111		17		0.0200975		35		71926		7.47793
1111111111100000111		16		0.0134742		34		71926		7.40929
1111111111100000111		15		0.00861219		33		71926		7.4287
1111111111100000111		14		0.0052552		32		71926		7.46771
1111111111100000111		13		0.00302483		31		71926		7.4984
1111111111100000111		12		0.00161558		30		71926		7.44219
1111111111100000111		11		0.000802286		29		71926		7.45475
1111111111100000111		10		0.000363703		28		71926		7.47909
1111111111100000111		9		0.000154734		27		71926		7.43982
1111111111100000111		8		5.97345e-05		26		71926		7.41641
1111111111100000111		7		1.97854e-05		25		71926		7.38238
1111111111100000111		6		5.65219e-06		24		71926		7.55754
1111111111100000111		5		1.21683e-06		22		71926		7.55815
1111111111100000111		4		2.16788e-07		20		71939		7.46031
1111111111100000111		3		2.69303e-08		18		72090		7.4831
1111111111100000111		2		1.91618e-09		16		74291		7.48634
1111111111100000111		1		8.02557e-11		14		109471		7.64151
11111111111111		26		0.178193		39		71916		7.47512
11111111111111		25		0.15321		38		71918		7.47683
11111111111111		24		0.130526		37		71921		7.46351
11111111111111		23		0.110001		36		71921		7.49407
11111111111111		22		0.0916622		35		71921		7.42573
11111111111111		21		0.0754905		34		71924		7.46546
11111111111111		20		0.0614222		33		71924		7.40858
11111111111111		19		0.0493353		32		71924		7.43643
11111111111111		18		0.0390633		31		71924		7.3776
11111111111111		17		0.0304473		30		71924		7.44399
11111111111111		16		0.0233308		29		71924		7.44327
11111111111111		15		0.0175467		28		71924		7.38468
11111111111111		14		0.0129391		27		71926		7.36459
11111111111111		13		0.00934496		26		71926		7.51385
11111111111111		12		0.00660203		25		71926		7.49665
11111111111111		11		0.00454781		24		71926		7.42611
11111111111111		10		0.00304309		23		71926		7.52147
11111111111111		9		0.00196888		22		71929		7.45556
11111111111111		8		0.00122551		21		71932		7.41958
11111111111111		7		0.000729018		20		71945		7.46941
11111111111111		6		0.000410589		19		71950		7.43459
11111111111111		5		0.000215903		18		72051		7.5175
11111111111111		4		0.000103769		17		72445		7.47149
11111111111111		3		4.40428e-05		16		73961		7.43164
11111111111111		2		1.54527e-05		15		79976		7.50099
11111111111111		1		3.7643e-06		14		105253		7.61727
110101111001100010111		27		0.186723		47		71923		4.90704
110101111001100010111		26		0.152718		46		71925		4.869
110101111001100010111		25		0.122012		45		71926		4.90849
110101111001100010111		24		0.0948792		44		71926		4.87719
110101111001100010111		23		0.0714774		43		71926		4.8916
110101111001100010111		22		0.0518598		42		71926		4.89787
110101111001100010111		21		0.0359884		41		71926		4.90404
110101111001100010111		20		0.0237056		40		71926		4.88224
110101111001100010111		19		0.014692		39		71926		4.91295
110101111001100010111		18		0.00847257		38		71926		4.91699
110101111001100010111		17		0.00448688		37		71926		4.89326
110101111001100010111		16		0.0021516		36		71926		4.89601
110101111001100010111		15		0.000921424		35		71926		4.90159
110101111001100010111		14		0.000346909		34		71926		4.90909
110101111001100010111		13		0.00011207		33		71926		4.89914
110101111001100010111		12		2.98588e-05		32		71926		4.89303
110101111001100010111		11		6.18834e-06		31		71926		4.90566
110101111001100010111		10		9.17993e-07		30		71926		4.90441
110101111001100010111		9		8.62036e-08		29		71926		4.9009
110101111001100010111		8		4.35123e-09		27		71926		4.92096
110101111001100010111		7		5.82275e-11		25		71926		4.88248
110101111001100010111		6		0		23		71926		4.91225
11111111110000111		29		0.198963		45		71917		4.48741
11111111110000111		28		0.168014		44		71920		4.48893
11111111110000111		27		0.139837		43		71921		4.47972
11111111110000111		26		0.114461		42		71921		4.47991
11111111110000111		25		0.0920608		41		71925		4.46107
11111111110000111		24		0.0726389		40		71926		4.4654
11111111110000111		23		0.0560541		39		71926		4.46545
11111111110000111		22		0.0422411		38		71926		4.47287
11111111110000111		21		0.0309803		37		71926		4.44428
11111111110000111		20		0.021999		36		71926		4.47843
11111111110000111		19		0.0150935		35		71926		4.4664
11111111110000111		18		0.00994718		34		71926		4.46579
11111111110000111		17		0.00623127		33		71926		4.47175
11111111110000111		16		0.00367019		32		71926		4.47469
11111111110000111		15		0.00200874		31		71926		4.7869
11111111110000111		14		0.00101209		30		71926		4.82959
11111111110000111		13		0.000471484		29		71926		4.78683
11111111110000111		12		0.000200695		28		71926		4.79749
11111111110000111		11		7.52152e-05		27		71926		4.80206
11111111110000111		10		2.22857e-05		26		71926		4.80535
11111111110000111		9		4.78739e-06		25		71926		4.83118
11111111110000111		8		6.74869e-07		24		71926		4.79985
11111111110000111		7		5.628e-08		23		71926		4.80991
11111111110000111		6		2.45167e-09		22		71931		4.82415
11111111110000111		5		2.48741e-11		21		71932		4.80628
11111111110000111		4		0		19		71967		4.79476
1111111111111		29		0.186763		41		71919		4.69106
1111111111111		28		0.160111		40		71919		4.68749
1111111111111		27		0.135949		39		71920		4.67277
1111111111111		26		0.11408		38		71921		4.68617
1111111111111		25		0.0946101		37		71924		4.71552
1111111111111		24		0.077539		36		71924		4.66257
1111111111111		23		0.062774		35		71924		4.67491
1111111111111		22		0.0501424		34		71924		4.6757
1111111111111		21		0.0394739		33		71924		4.69142
1111111111111		20		0.0305763		32		71924		4.68995
1111111111111		19		0.0232619		31		71924		4.65466
1111111111111		18		0.0173686		30		71926		4.70356
1111111111111		17		0.012725		29		71926		4.66513
1111111111111		16		0.00914952		28		71926		4.70327
1111111111111		15		0.00644057		27		71926		4.70378
1111111111111		14		0.00442386		26		71926		4.66983
1111111111111		13		0.002957		25		71926		4.6874
1111111111111		12		0.00191968		24		71926		4.67492
1111111111111		11		0.00120639		23		71926		4.67589
1111111111111		10		0.000730167		22		71929		4.69441
1111111111111		9		0.000422815		21		71932		4.66035
1111111111111		8		0.000232403		20		71945		4.71302
1111111111111		7		0.000120061		19		71950		4.66737
1111111111111		6		5.76094e-05		18		72051		4.69367
1111111111111		5		2.52864e-05		17		72445		4.71148
1111111111111		4		9.91566e-06		16		73961		4.69437
1111111111111		3		3.32725e-06		15		79981		4.74482
1111111111111		2		8.73537e-07		14		105253		4.83741
1111111111111		1		1.40856e-07		13		205143		5.26787
1110100111010011101		30		0.187268		48		71920		4.20595
1110100111010011101		29		0.153265		47		71923		4.19619
1110100111010011101		28		0.122838		46		71923		4.22984
1110100111010011101		27		0.0961554		45		71923		4.20379
1110100111010011101		26		0.0732705		44		71926		4.21442
1110100111010011101		25		0.054139		43		71926		4.22235
1110100111010011101		24		0.0385937		42		71926		4.19928
1110100111010011101		23		0.0263866		41		71926		4.22256
1110100111010011101		22		0.0171746		40		71926		4.22772
1110100111010011101		21		0.0105516		39		71926		4.20321
1110100111010011101		20		0.00604806		38		71926		4.20972
1110100111010011101		19		0.00318451		37		71926		4.20562
1110100111010011101		18		0.00151267		36		71926		4.21193
1110100111010011101		17		0.000632326		35		71926		4.21237
1110100111010011101		16		0.000225379		34		71926		4.20779
1110100111010011101		15		6.50041e-05		33		71926		4.1993
1110100111010011101		14		1.40244e-05		32		71926		4.22597
1110100111010011101		13		1.94288e-06		31		71926		4.20423
1110100111010011101		12		1.30082e-07		30		71926		4.19975
1110100111010011101		11		1.54128e-09		29		71926		4.20512
1110100111010011101		10		0		28		71926		4.21437
11111111100111		32		0.196103		45		71919		3.72693
11111111100111		31		0.165158		44		71920		3.72991
11111111100111		30		0.137181		43		71922		3.72293
11111111100111		29		0.112197		42		71924		3.72621
11111111100111		28		0.0902836		41		71924		3.71905
11111111100111		27		0.0714005		40		71924		3.72658
11111111100111		26		0.0553806		39		71924		3.72812
11111111100111		25		0.0420691		38		71924		3.72655
11111111100111		24		0.0312315		37		71926		3.72368
11111111100111		23		0.022616		36		71926		3.7281
11111111100111		22		0.0159367		35		71926		3.73131
11111111100111		21		0.0108916		34		71926		3.72318
11111111100111		20		0.00719075		33		71926		3.73045
11111111100111		19		0.00456275		32		71926		3.73421
11111111100111		18		0.00276471		31		71926		3.73157
11111111100111		17		0.00158532		30		71926		3.73086
11111111100111		16		0.000850599		29		71926		3.73372
11111111100111		15		0.000421128		28		71926		3.73297
11111111100111		14		0.000187517		27		71926		3.72524
11111111100111		13		7.2121e-05		26		71926		3.73418
11111111100111		12		2.23274e-05		25		71926		3.73473
11111111100111		11		4.96657e-06		24		71926		3.73737
11111111100111		10		6.17071e-07		23		71926		3.73281
11111111100111		9		3.62007e-08		22		71931		3.73435
11111111100111		8		0		21		71932		3.73114
111111111111		32		0.190698		43		71919		3.69432
111111111111		31		0.162305		42		71919		3.68391
111111111111		30		0.136646		41		71920		3.68759
111111111111		29		0.113647		40		71923		3.68499
111111111111		28		0.0933643		39		71924		3.68557
111111111111		27		0.07575		38		71924		3.6854
111111111111		26		0.0606368		37		71924		3.68587
111111111111		25		0.047845		36		71924		3.68703
111111111111		24		0.0371508		35		71924		3.68622
111111111111		23		0.028317		34		71926		3.67983
111111111111		22		0.0211678		33		71926		3.69146
111111111111		21		0.0155183		32		71926		3.69014
111111111111		20		0.0111593		31		71926		3.68985
111111111111		19		0.00786708		30		71926		3.6854
111111111111		18		0.00542618		29		71926		3.69004
111111111111		17		0.00365145		28		71926		3.68957
111111111111		16		0.00239209		27		71926		3.68676
111111111111		15		0.00152097		26		71926		3.68753
111111111111		14		0.000934627		25		71926		3.68899
111111111111		13		0.000552281		24		71926		3.68744
111111111111		12		0.000311856		23		71926		3.68502
111111111111		11		0.000167135		22		71929		3.6816
111111111111		10		8.46098e-05		21		71932		3.684
111111111111		9		4.02933e-05		20		71945		3.68279
111111111111		8		1.79614e-05		19		71950		3.68967
111111111111		7		7.35968e-06		18		72051		3.68993
111111111111		6		2.69933e-06		17		72446		3.6941
111111111111		5		8.5301e-07		16		73966		3.70212
111111111111		4		2.19526e-07		15		79983		3.73577
111111111111		3		4.19009e-08		14		105267		3.85329
111111111111		2		5.00217e-09		13		205166		4.26317
111111111111		1		2.54377e-10		12		604059		5.67402
11111101110101		34		0.166964		47		71920		4.29872
11111101110101		33		0.136704		46		71921		4.27717
11111101110101		32		0.10997		45		71923		4.26532
11111101110101		31		0.0867923		44		71924		4.35764
11111101110101		30		0.0670999		43		71924		4.63473
11111101110101		29		0.0507222		42		71924		4.31097
11111101110101		28		0.0374011		41		71926		4.6467
11111101110101		27		0.026833		40		71926		4.28445
11111101110101		26		0.0186876		39		71926		4.27634
11111101110101		25		0.0125955		38		71926		4.26987
11111101110101		24		0.00818039		37		71926		4.27087
11111101110101		23		0.00508848		36		71926		4.26587
11111101110101		22		0.00300807		35		71926		4.27325
11111101110101		21		0.00167534		34		71926		4.26808
11111101110101		20		0.000868979		33		71926		4.28238
11111101110101		19		0.000412527		32		71926		4.28861
11111101110101		18		0.000174411		31		71926		4.29628
11111101110101		17		6.27185e-05		30		71926		4.29031
11111101110101		16		1.75506e-05		29		71926		4.2851
11111101110101		15		3.11211e-06		28		71926		4.49575
11111101110101		14		2.13749e-07		27		71926		4.5661
11111101110101		13		1.47398e-09		26		71926		4.28008
11111101110101		12		0		25		71926		4.2944
1111111001111		35		0.198663		47		71920		3.76578
1111111001111		34		0.165023		46		71920		3.75733
1111111001111		33		0.134883		45		71922		3.75498
1111111001111		32		0.10823		44		71924		3.77088
1111111001111		31		0.0851503		43		71924		3.75081
1111111001111		30		0.0655915		42		71924		3.77404
1111111001111		29		0.0494171		41		71924		3.74488
1111111001111		28		0.0363113		40		71926		3.75622
1111111001111		27		0.0259416		39		71926		3.77856
1111111001111		26		0.0179642		38		71926		3.75831
1111111001111		25		0.0120272		37		71926		3.77546
1111111001111		24		0.00775658		36		71926		3.74895
1111111001111		23		0.00479341		35		71926		3.74858
1111111001111		22		0.00281763		34		71926		3.76208
1111111001111		21		0.0015638		33		71926		3.76131
1111111001111		20		0.000810659		32		71926		3.77615
1111111001111		19		0.000387797		31		71926		3.76625
1111111001111		18		0.000167395		30		71926		3.77453
1111111001111		17		6.40207e-05		29		71926		3.74449
1111111001111		16		2.08671e-05		28		71926		3.7622
1111111001111		15		5.36933e-06		27		71926		3.7524
1111111001111		14		9.8209e-07		26		71926		3.76334
1111111001111		13		1.27011e-07		25		71926		3.7738
1111111001111		12		1.05869e-08		24		71926		3.76105
1111111001111		11		3.6469e-10		23		71926		3.76534
1111111001111		10		0		22		71929		3.75635
11111111111		35		0.188135		45		71919		3.72064
11111111111		34		0.157998		44		71921		3.71488
11111111111		33		0.131225		43		71923		3.82146
11111111111		32		0.107615		42		71923		3.8105
11111111111		31		0.0870786		41		71924		3.79298
11111111111		30		0.0694315		40		71924		3.73676
11111111111		29		0.0545097		39		71924		3.69241
11111111111		28		0.0420696		38		71926		3.88974
11111111111		27		0.0318246		37		71926		3.69948
11111111111		26		0.0235218		36		71926		3.69475
11111111111		25		0.0170104		35		71926		3.69772
11111111111		24		0.0120702		34		71926		3.71249
11111111111		23		0.00839878		33		71926		3.70063
11111111111		22		0.00572032		32		71926		3.69284
11111111111		21		0.00379743		31		71926		3.69518
11111111111		20		0.00244819		30		71926		3.69592
11111111111		19		0.0015259		29		71926		3.69454
11111111111		18		0.000915409		28		71926		3.69589
11111111111		17		0.000525468		27		71926		3.70164
11111111111		16		0.00028614		26		71926		3.69455
11111111111		15		0.000148719		25		71926		3.69193
11111111111		14		7.33267e-05		24		71926		3.69921
11111111111		13		3.40632e-05		23		71926		3.70146
11111111111		12		1.46758e-05		22		71929		3.6997
11111111111		11		5.72179e-06		21		71932		3.69827
11111111111		10		1.93982e-06		20		71945		3.70051
11111111111		9		5.37699e-07		19		71950		3.69925
11111111111		8		1.08502e-07		18		72052		3.69647
11111111111		7		1.19624e-08		17		72453		3.69525
11111111111		6		0		16		73975		3.70483
111001001010011101		35		0.163601		52		71925		4.80857
111001001010011101		34		0.126556		51		71925		4.81326
111001001010011101		33		0.0948322		50		71926		4.80883
111001001010011101		32		0.0685018		49		71926		4.81288
111001001010011101		31		0.0474297		48		71926		4.80844
111001001010011101		30		0.0312464		47		71926		4.80621
111001001010011101		29		0.0194153		46		71926		4.80599
111001001010011101		28		0.0112692		45		71926		4.80595
111001001010011101		27		0.00602941		44		71926		4.80644
111001001010011101		26		0.00293446		43		71926		4.80683
111001001010011101		25		0.00127599		42		71926		4.80812
111001001010011101		24		0.000484193		41		71926		4.80801
111001001010011101		23		0.000157446		40		71926		4.80598
111001001010011101		22		4.24847e-05		39		71926		4.80668
111001001010011101		21		9.00326e-06		38		71926		4.81787
111001001010011101		20		1.38446e-06		37		71926		4.80913
111001001010011101		19		1.44985e-07		36		71926		4.80669
111001001010011101		18		9.56557e-09		35		71926		4.80681
111001001010011101		17		3.19455e-10		34		71926		4.80628
111001001010011101		16		0		33		71926		4.80983
1111111000111		38		0.194405		50		71921		4.71283
1111111000111		37		0.158057		49		71921		4.71238
1111111000111		36		0.125913		48		71924		4.72185
1111111000111		35		0.098054		47		71924		4.71953
1111111000111		34		0.0744148		46		71924		4.72211
1111111000111		33		0.0550467		45		71926		4.72401
1111111000111		32		0.0396421		44		71926		4.72068
1111111000111		31		0.0275572		43		71926		4.72111
1111111000111		30		0.0184784		42		71926		4.71457
1111111000111		29		0.0118991		41		71926		4.71369
1111111000111		28		0.007291		40		71926		4.72248
1111111000111		27		0.0042531		39		71926		4.71693
1111111000111		26		0.00233545		38		71926		4.71622
1111111000111		25		0.00118103		37		71926		4.71451
1111111000111		24		0.000548826		36		71926		4.71612
1111111000111		23		0.000229971		35		71926		4.71281
1111111000111		22		7.82696e-05		34		71926		4.71928
1111111000111		21		2.16551e-05		33		71926		4.72997
1111111000111		20		5.05021e-06		32		71926		4.72512
1111111000111		19		6.30689e-07		31		71926		4.72538
1111111000111		18		3.66111e-08		30		71926		4.72857
1111111000111		17		2.30935e-09		29		71926		4.72062
1111111000111		16		4.58402e-11		28		71926		4.72814
1111111000111		15		0		27		71926		4.72305
1111111111		38		0.176656		47		71922		4.49546
1111111111		37		0.145612		46		71922		4.49732
1111111111		36		0.118538		45		71923		4.49425
1111111111		35		0.0950993		44		71924		4.49888
1111111111		34		0.0750316		43		71926		4.48837
1111111111		33		0.058135		42		71926		4.49637
1111111111		32		0.0440078		41		71926		4.50085
1111111111		31		0.0325256		40		71926		4.49928
1111111111		30		0.0234649		39		71926		4.49738
1111111111		29		0.0165431		38		71926		4.49594
1111111111		28		0.0114236		37		71926		4.49141
1111111111		27		0.00771834		36		71926		4.49568
1111111111		26		0.00507959		35		71926		4.4989
1111111111		25		0.00323551		34		71926		4.4959
1111111111		24		0.00198094		33		71926		4.48921
1111111111		23		0.00115022		32		71926		4.49196
1111111111		22		0.000642764		31		71926		4.49582
1111111111		21		0.000342351		30		71926		4.49622
1111111111		20		0.000171979		29		71926		4.49829
1111111111		19		8.05639e-05		28		71926		4.48429
1111111111		18		3.4617e-05		27		71926		4.49671
1111111111		17		1.31598e-05		26		71926		4.49317
1111111111		16		4.08896e-06		25		71926		4.49009
1111111111		15		8.42708e-07		24		71926		4.49805
1111111111		14		0		23		71926		4.497
