shape		t		lossrate		minCoverage		PM		runtime

1111111111		23		0.173696		32		62005		3.99343
1111111111		22		0.129866		31		62086		4.0272
1111111111		21		0.0920601		30		62128		4.30926
1111111111		20		0.0639379		29		62186		4.17442
1111111111		19		0.0431606		28		62236		4.06168
1111111111		18		0.0280044		27		62286		3.78007
1111111111		17		0.0171922		26		62325		4.26658
1111111111		16		0.00977791		25		62363		4.22638
1111111111		15		0.0049834		24		62403		4.48014
1111111111		14		0.00205741		23		62437		4.1223
1111111111		13		0.000496617		22		62469		3.38381
1111111111		12		0		21		62498		3.78204
1111111111		23		0.173696		32		62005		3.62736
1111111111		22		0.129866		31		62086		3.2789
1111111111		21		0.0920601		30		62128		3.86966
1111111111		20		0.0639379		29		62186		3.72401
1111111111		19		0.0431606		28		62236		3.71825
1111111111		18		0.0280044		27		62286		3.90517
1111111111		17		0.0171922		26		62325		3.696
1111111111		16		0.00977791		25		62363		4.27262
1111111111		15		0.0049834		24		62403		3.91451
1111111111		14		0.00205741		23		62437		3.75334
1111111111		13		0.000496617		22		62469		2.97033
1111111111		12		0		21		62498		4.09174
11111110111		22		0.179248		32		61967		4.0902
11111110111		21		0.137925		31		62062		4.52568
11111110111		20		0.101716		30		62120		6.05086
11111110111		19		0.0713055		29		62180		3.60655
11111110111		18		0.0474584		28		62239		4.41231
11111110111		17		0.0301489		27		62285		4.27616
11111110111		16		0.0185612		26		62322		4.15729
11111110111		15		0.0109411		25		62369		3.90827
11111110111		14		0.0059033		24		62402		4.06018
11111110111		13		0.00287962		23		62434		5.28392
11111110111		12		0.0012482		22		62470		4.78972
11111110111		11		0.000420591		21		62501		4.90656
11111110111		10		9.1613e-05		20		62542		4.94291
11111110111		9		1.07604e-05		19		62581		4.92559
11111110111		8		4.9949e-07		18		62663		4.25695
11111110111		7		0		17		62903		4.14807
11111111011		22		0.179722		32		61977		5.1836
11111111011		21		0.138481		31		62064		4.42301
11111111011		20		0.102259		30		62126		4.48345
11111111011		19		0.0713989		29		62182		5.29834
11111111011		18		0.0477215		28		62238		4.1084
11111111011		17		0.0311825		27		62286		3.97935
11111111011		16		0.0197092		26		62325		4.62977
11111111011		15		0.0117471		25		62370		4.25569
11111111011		14		0.00649053		24		62401		4.33356
11111111011		13		0.00316235		23		62435		5.24927
11111111011		12		0.0013113		22		62469		4.34665
11111111011		11		0.000425508		21		62502		3.72045
11111111011		10		9.1613e-05		20		62542		4.49101
11111111011		9		1.07604e-05		19		62586		4.66761
11111111011		8		4.9949e-07		18		62671		4.87158
11111111011		7		0		17		62938		3.98105
111111100111		21		0.187068		32		61940		3.40137
111111100111		20		0.145169		31		62027		3.97469
111111100111		19		0.109569		30		62102		4.32802
111111100111		18		0.079677		29		62170		3.96028
111111100111		17		0.0556843		28		62230		3.91528
111111100111		16		0.0370354		27		62286		3.95819
111111100111		15		0.0234066		26		62327		3.4931
111111100111		14		0.0139899		25		62364		3.93602
111111100111		13		0.00792529		24		62400		4.33309
111111100111		12		0.00425634		23		62434		3.88261
111111100111		11		0.00213979		22		62472		4.25814
111111100111		10		0.000995645		21		62500		4.37999
111111100111		9		0.000418763		20		62545		3.50779
111111100111		8		0.000157177		19		62581		4.04406
111111100111		7		5.09711e-05		18		62671		3.79021
111111100111		6		1.37179e-05		17		62925		4.65791
111111100111		5		2.80576e-06		16		63802		3.69508
111111100111		4		3.82991e-07		15		67519		4.20639
111111100111		3		2.26814e-08		14		82897		3.97527
111111100111		2		0		12		413960		4.78251
111111110011		21		0.186315		32		61952		3.88795
111111110011		20		0.145636		31		62042		3.80821
111111110011		19		0.110496		30		62105		4.00044
111111110011		18		0.0806016		29		62173		3.69314
111111110011		17		0.0565986		28		62233		4.34059
111111110011		16		0.0379046		27		62287		4.06953
111111110011		15		0.0243831		26		62332		4.00802
111111110011		14		0.0149378		25		62371		3.95286
111111110011		13		0.0087532		24		62399		3.86346
111111110011		12		0.00481944		23		62439		4.27879
111111110011		11		0.00247053		22		62470		3.84095
111111110011		10		0.00114651		21		62504		3.44217
111111110011		9		0.000474767		20		62547		4.28734
111111110011		8		0.00017169		19		62590		4.08452
111111110011		7		5.33169e-05		18		62699		3.38847
111111110011		6		1.37179e-05		17		63033		4.29912
111111110011		5		2.80576e-06		16		64213		3.8867
111111110011		4		3.82991e-07		15		69108		4.68813
111111110011		3		2.26814e-08		14		88994		4.40054
111111110011		2		0		12		425303		5.33396
11111111111		21		0.19763		31		61956		3.3177
11111111111		20		0.156788		30		62049		2.77146
11111111111		19		0.120561		29		62122		2.94129
11111111111		18		0.0886382		28		62193		3.12381
11111111111		17		0.0622122		27		62255		2.79895
11111111111		16		0.0425948		26		62306		2.91123
11111111111		15		0.0282153		25		62348		3.15897
11111111111		14		0.0178848		24		62386		2.78595
11111111111		13		0.0107113		23		62426		3.16479
11111111111		12		0.00599334		22		62459		2.78727
11111111111		11		0.00306132		21		62494		2.54362
11111111111		10		0.00135033		20		62536		2.87396
11111111111		9		0.000454833		19		62572		2.36153
11111111111		8		8.43037e-05		18		62655		2.36946
11111111111		7		0		17		62874		2.94314
11111111111		21		0.19763		31		61956		2.91745
11111111111		20		0.156788		30		62049		3.02595
11111111111		19		0.120561		29		62122		3.08994
11111111111		18		0.0886382		28		62193		2.9624
11111111111		17		0.0622122		27		62255		3.21995
11111111111		16		0.0425948		26		62306		3.29852
11111111111		15		0.0282153		25		62348		2.86354
11111111111		14		0.0178848		24		62386		2.27174
11111111111		13		0.0107113		23		62426		3.28343
11111111111		12		0.00599334		22		62459		2.71365
11111111111		11		0.00306132		21		62494		2.64151
11111111111		10		0.00135033		20		62536		3.1362
11111111111		9		0.000454833		19		62572		3.01216
11111111111		8		8.43037e-05		18		62655		2.8747
11111111111		7		0		17		62874		2.88076
111111110111		20		0.199512		31		61940		2.76471
111111110111		19		0.158345		30		62033		2.57274
111111110111		18		0.122403		29		62110		3.39845
111111110111		17		0.0916446		28		62189		3.01797
111111110111		16		0.0657688		27		62253		2.83473
111111110111		15		0.0449149		26		62303		2.83251
111111110111		14		0.0291187		25		62348		2.93819
111111110111		13		0.0180008		24		62390		2.88554
111111110111		12		0.0106864		23		62426		2.98762
111111110111		11		0.00602593		22		62462		2.95361
111111110111		10		0.00313361		21		62491		3.1715
111111110111		9		0.00143919		20		62538		2.71361
111111110111		8		0.000569275		19		62575		3.37039
111111110111		7		0.000187438		18		62656		3.25212
111111110111		6		4.63489e-05		17		62894		3.25743
111111110111		5		7.4251e-06		16		63731		3.00847
111111110111		4		6.48933e-07		15		67170		2.79818
111111110111		3		2.26814e-08		14		81185		3.63038
111111110111		2		0		13		136268		3.75155
111111111011		20		0.199174		31		61940		3.01416
111111111011		19		0.1588		30		62037		3.06288
111111111011		18		0.123305		29		62117		3.23011
111111111011		17		0.0925514		28		62194		2.86668
111111111011		16		0.0665903		27		62252		2.99635
111111111011		15		0.0454808		26		62305		3.01697
111111111011		14		0.02974		25		62350		3.26621
111111111011		13		0.0188555		24		62390		3.4767
111111111011		12		0.0114798		23		62428		2.77268
111111111011		11		0.00658404		22		62462		3.49657
111111111011		10		0.00346491		21		62492		3.09352
111111111011		9		0.00162212		20		62538		3.07952
111111111011		8		0.000638912		19		62580		3.5223
111111111011		7		0.000200809		18		62664		3.01094
111111111011		6		4.72921e-05		17		62928		3.18446
111111111011		5		7.4251e-06		16		63895		3.08909
111111111011		4		6.48933e-07		15		67747		3.42931
111111111011		3		2.26814e-08		14		83387		3.15052
111111111011		2		0		13		145562		3.16641
1111111100111		18		0.162177		30		62017		3.31811
1111111100111		17		0.125822		29		62091		2.41713
1111111100111		16		0.0949824		28		62176		3.12889
1111111100111		15		0.0693067		27		62241		3.21615
1111111100111		14		0.048545		26		62299		2.55947
1111111100111		13		0.0325412		25		62347		3.41601
1111111100111		12		0.0206994		24		62389		3.46146
1111111100111		11		0.0124583		23		62429		3.47983
1111111100111		10		0.0070413		22		62462		2.48003
1111111100111		9		0.00372692		21		62492		2.95448
1111111100111		8		0.0018387		20		62539		2.91398
1111111100111		7		0.000831747		19		62576		3.40469
1111111100111		6		0.000338193		18		62668		3.31443
1111111100111		5		0.000119333		17		62920		3.1872
1111111100111		4		3.57109e-05		16		63799		3.24691
1111111100111		3		8.67681e-06		15		67515		2.84628
1111111100111		2		1.62062e-06		13		148290		3.30637
1111111100111		1		1.92552e-07		11		1431605		5.33198
1111111110011		18		0.16192		30		62018		2.93266
1111111110011		17		0.126763		29		62102		2.82614
1111111110011		16		0.0963093		28		62185		3.08876
1111111110011		15		0.0707631		27		62240		2.8735
1111111110011		14		0.0498837		26		62304		2.98776
1111111110011		13		0.0337423		25		62350		2.892
1111111110011		12		0.0217515		24		62391		3.10838
1111111110011		11		0.0133845		23		62432		2.98931
1111111110011		10		0.00780256		22		62464		2.74241
1111111110011		9		0.00428344		21		62495		3.12422
1111111110011		8		0.00217723		20		62539		3.15318
1111111110011		7		0.00100486		19		62586		3.07501
1111111110011		6		0.000410542		18		62696		3.15513
1111111110011		5		0.00014454		17		63026		3.30116
1111111110011		4		4.27089e-05		16		64211		3.06174
1111111110011		3		9.94797e-06		15		69086		3.33068
1111111110011		2		1.70201e-06		13		151531		2.97258
1111111110011		1		1.92552e-07		11		1427803		5.41972
111111111111		18		0.171732		29		62020		3.32664
111111111111		17		0.136001		28		62117		2.98946
111111111111		16		0.105013		27		62207		3.0283
111111111111		15		0.0785218		26		62261		3.27801
111111111111		14		0.0562571		25		62321		3.35649
111111111111		13		0.0385311		24		62369		3.53019
111111111111		12		0.025552		23		62415		3.60747
111111111111		11		0.0162378		22		62450		3.50167
111111111111		10		0.00980068		21		62481		3.4326
111111111111		9		0.00557903		20		62529		2.9428
111111111111		8		0.00294667		19		62569		2.94312
111111111111		7		0.00139804		18		62647		3.23071
111111111111		6		0.000566663		17		62868		2.9297
111111111111		5		0.000180106		16		63655		3.37001
111111111111		4		3.79081e-05		15		66969		3.23567
111111111111		3		3.55558e-06		14		80393		3.52445
111111111111		2		0		13		132979		3.50448
111111111111		18		0.171732		29		62020		3.85578
111111111111		17		0.136001		28		62117		2.8894
111111111111		16		0.105013		27		62207		3.24229
111111111111		15		0.0785218		26		62261		3.21394
111111111111		14		0.0562571		25		62321		3.30616
111111111111		13		0.0385311		24		62369		2.95814
111111111111		12		0.025552		23		62415		2.93519
111111111111		11		0.0162378		22		62450		2.838
111111111111		10		0.00980068		21		62481		3.34711
111111111111		9		0.00557903		20		62529		3.215
111111111111		8		0.00294667		19		62569		2.98714
111111111111		7		0.00139804		18		62647		3.54394
111111111111		6		0.000566663		17		62868		3.37703
111111111111		5		0.000180106		16		63655		3.56767
111111111111		4		3.79081e-05		15		66969		3.06567
111111111111		3		3.55558e-06		14		80393		3.09103
111111111111		2		0		13		132979		3.22636
1111111110111		17		0.170625		29		62016		3.16963
1111111110111		16		0.13493		28		62111		2.76927
1111111110111		15		0.103904		27		62200		3.15605
1111111110111		14		0.0775723		26		62257		3.23412
1111111110111		13		0.0558237		25		62320		3.35818
1111111110111		12		0.0383421		24		62365		3.04752
1111111110111		11		0.0249443		23		62413		2.7559
1111111110111		10		0.0153276		22		62454		2.93347
1111111110111		9		0.0089178		21		62487		3.10625
1111111110111		8		0.00490098		20		62530		3.12851
1111111110111		7		0.00247608		19		62570		3.0273
1111111110111		6		0.0011056		18		62650		3.0296
1111111110111		5		0.000415117		17		62889		3.82314
1111111110111		4		0.000122225		16		63726		2.72987
1111111110111		3		2.57616e-05		15		67165		2.83116
1111111110111		2		3.34943e-06		14		81176		2.70559
1111111110111		1		1.92552e-07		12		404420		3.38336
1111111111011		17		0.17063		29		62017		2.9441
1111111111011		16		0.135374		28		62113		3.55915
1111111111011		15		0.104786		27		62205		3.07854
1111111111011		14		0.0786743		26		62262		3.2867
1111111111011		13		0.0568514		25		62322		2.99349
1111111111011		12		0.0392246		24		62366		3.40958
1111111111011		11		0.0256604		23		62413		2.60775
1111111111011		10		0.0159973		22		62453		3.42917
1111111111011		9		0.00955473		21		62487		3.32617
1111111111011		8		0.00539164		20		62530		3.00028
1111111111011		7		0.00279434		19		62575		2.82556
1111111111011		6		0.00128091		18		62658		3.07038
1111111111011		5		0.000491685		17		62924		3.61927
1111111111011		4		0.000147088		16		63888		2.78101
1111111111011		3		3.08653e-05		15		67741		3.57603
1111111111011		2		3.86509e-06		14		83387		2.83531
1111111111011		1		2.08974e-07		12		402418		4.05968
11111111100111		16		0.171672		29		62003		2.68529
11111111100111		15		0.135378		28		62111		2.90818
11111111100111		14		0.104216		27		62182		3.18149
11111111100111		13		0.0778953		26		62252		3.45464
11111111100111		12		0.0561751		25		62313		2.70682
11111111100111		11		0.0388334		24		62361		3.55552
11111111100111		10		0.0255572		23		62415		2.99499
11111111100111		9		0.0159068		22		62458		2.64032
11111111100111		8		0.00927079		21		62489		3.13398
11111111100111		7		0.00501608		20		62533		2.76222
11111111100111		6		0.00246917		19		62569		3.06556
11111111100111		5		0.00109762		18		62663		3.37327
11111111100111		4		0.000416246		17		62917		2.71945
11111111100111		3		0.000139801		16		63796		3.31414
11111111100111		2		3.21291e-05		14		83391		2.85896
11111111100111		1		6.94744e-06		12		399862		3.82504
11111111110011		16		0.170745		29		62005		3.78237
11111111110011		15		0.135778		28		62115		3.36405
11111111110011		14		0.105416		27		62190		3.67111
11111111110011		13		0.079517		26		62260		3.24889
11111111110011		12		0.0578613		25		62320		3.24281
11111111110011		11		0.0404252		24		62364		3.62786
11111111110011		10		0.0269252		23		62415		2.8478
11111111110011		9		0.017054		22		62458		3.20939
11111111110011		8		0.0101906		21		62493		3.64541
11111111110011		7		0.00570477		20		62534		2.90106
11111111110011		6		0.00293502		19		62577		3.43728
11111111110011		5		0.00136297		18		62691		3.13001
11111111110011		4		0.000544139		17		63024		3.32864
11111111110011		3		0.000186252		16		64206		2.93735
11111111110011		2		4.45841e-05		14		84562		2.60279
11111111110011		1		9.11524e-06		12		397564		3.74701
1111111111111		16		0.179997		28		62020		4.27448
1111111111111		15		0.144489		27		62116		4.81831
1111111111111		14		0.113549		26		62210		4.52263
1111111111111		13		0.086982		25		62271		3.89732
1111111111111		12		0.0646996		24		62339		4.70623
1111111111111		11		0.0464418		23		62389		4.23675
1111111111111		10		0.0318185		22		62433		4.06004
1111111111111		9		0.0207079		21		62475		3.98764
1111111111111		8		0.0128621		20		62518		4.74731
1111111111111		7		0.00755511		19		62561		4.34199
1111111111111		6		0.00415392		18		62641		5.00449
1111111111111		5		0.0020911		17		62863		4.8534
1111111111111		4		0.000925533		16		63653		4.88502
1111111111111		3		0.000338671		15		66963		4.87211
1111111111111		2		9.10556e-05		14		80390		4.66036
1111111111111		1		1.31373e-05		13		132978		4.01431
1111111111111		16		0.179997		28		62020		4.26155
1111111111111		15		0.144489		27		62116		4.51615
1111111111111		14		0.113549		26		62210		4.74798
1111111111111		13		0.086982		25		62271		3.87436
1111111111111		12		0.0646996		24		62339		4.23117
1111111111111		11		0.0464418		23		62389		4.59273
1111111111111		10		0.0318185		22		62433		4.25243
1111111111111		9		0.0207079		21		62475		4.84645
1111111111111		8		0.0128621		20		62518		4.13375
1111111111111		7		0.00755511		19		62561		4.42365
1111111111111		6		0.00415392		18		62641		3.97458
1111111111111		5		0.0020911		17		62863		4.39616
1111111111111		4		0.000925533		16		63653		4.20867
1111111111111		3		0.000338671		15		66963		4.97247
1111111111111		2		9.10556e-05		14		80390		4.0655
1111111111111		1		1.31373e-05		13		132978		4.43579
11111111110111		15		0.176394		28		62023		4.23167
11111111110111		14		0.140904		27		62125		4.3371
11111111110111		13		0.110131		26		62201		4.313
11111111110111		12		0.0837658		25		62278		4.25583
11111111110111		11		0.0616183		24		62333		4.42133
11111111110111		10		0.0435489		23		62386		4.79849
11111111110111		9		0.0293085		22		62433		4.34685
11111111110111		8		0.0185861		21		62480		4.04588
11111111110111		7		0.0110061		20		62526		3.85943
11111111110111		6		0.0060298		19		62565		4.11747
11111111110111		5		0.00299977		18		62647		4.04356
11111111110111		4		0.00129333		17		62882		4.69354
11111111110111		3		0.000435761		16		63723		4.3588
11111111110111		2		9.47423e-05		15		67162		4.39709
11111111110111		1		9.11524e-06		13		147028		4.8956
11111111111011		15		0.176234		28		62021		3.7545
11111111111011		14		0.141248		27		62136		4.57565
11111111111011		13		0.110777		26		62199		4.79085
11111111111011		12		0.0846528		25		62284		4.24042
11111111111011		11		0.0627057		24		62334		4.49125
11111111111011		10		0.0446659		23		62391		4.52034
11111111111011		9		0.0302747		22		62432		4.12943
11111111111011		8		0.0193775		21		62479		4.01692
11111111111011		7		0.0116526		20		62526		4.45796
11111111111011		6		0.00655634		19		62570		4.13984
11111111111011		5		0.0033915		18		62655		4.1495
11111111111011		4		0.00153813		17		62918		4.75354
11111111111011		3		0.00055688		16		63883		4.78865
11111111111011		2		0.000133622		15		67738		4.57878
11111111111011		1		1.44353e-05		13		146660		4.94685
111111111100111		14		0.174937		28		62029		4.64662
111111111100111		13		0.138912		27		62115		4.5931
111111111100111		12		0.107838		26		62204		4.69905
111111111100111		11		0.0814354		25		62265		4.15881
111111111100111		10		0.0594694		24		62333		4.4297
111111111100111		9		0.0416058		23		62391		4.66464
111111111100111		8		0.0276576		22		62438		4.23321
111111111100111		7		0.017276		21		62484		4.09858
111111111100111		6		0.00995837		20		62531		4.31416
111111111100111		5		0.00525979		19		62566		4.52815
111111111100111		4		0.00237228		18		62658		3.94706
111111111100111		3		0.000974918		17		62915		4.46039
111111111100111		2		0.000260334		15		67723		4.17789
111111111100111		1		7.47018e-05		13		145101		4.69617
111111111110011		14		0.173761		28		62021		4.18712
111111111110011		13		0.138973		27		62124		5.10716
111111111110011		12		0.108842		26		62210		4.52229
111111111110011		11		0.0830037		25		62278		4.56328
111111111110011		10		0.0612499		24		62336		4.47328
111111111110011		9		0.0434315		23		62391		4.97733
111111111110011		8		0.0293212		22		62439		4.42454
111111111110011		7		0.0186943		21		62486		3.89197
111111111110011		6		0.0111062		20		62532		4.82487
111111111110011		5		0.00608711		19		62575		4.28078
111111111110011		4		0.00292692		18		62685		3.91656
111111111110011		3		0.00126075		17		63019		3.70394
111111111110011		2		0.000375352		15		68099		4.75873
111111111110011		1		0.000108123		13		145234		3.92161
11111111111111		14		0.182394		27		62037		9.23279
11111111111111		13		0.147396		26		62130		8.21302
11111111111111		12		0.11678		25		62212		8.45637
11111111111111		11		0.0903496		24		62291		9.16685
11111111111111		10		0.0679707		23		62359		8.9513
11111111111111		9		0.049513		22		62406		8.49779
11111111111111		8		0.034695		21		62453		8.55859
11111111111111		7		0.0231188		20		62510		8.83701
11111111111111		6		0.014474		19		62553		8.356
11111111111111		5		0.00844787		18		62638		8.93258
11111111111111		4		0.00454661		17		62859		9.32832
11111111111111		3		0.00218398		16		63647		8.59537
11111111111111		2		0.000877659		15		66961		8.51504
11111111111111		1		0.000248967		14		80388		9.18131
11111111111111		14		0.182394		27		62037		9.48202
11111111111111		13		0.147396		26		62130		9.38313
11111111111111		12		0.11678		25		62212		9.53204
11111111111111		11		0.0903496		24		62291		9.01578
11111111111111		10		0.0679707		23		62359		8.56813
11111111111111		9		0.049513		22		62406		8.43927
11111111111111		8		0.034695		21		62453		9.15698
11111111111111		7		0.0231188		20		62510		9.67507
11111111111111		6		0.014474		19		62553		9.27381
11111111111111		5		0.00844787		18		62638		9.25498
11111111111111		4		0.00454661		17		62859		8.4367
11111111111111		3		0.00218398		16		63647		8.33857
11111111111111		2		0.000877659		15		66961		9.00512
11111111111111		1		0.000248967		14		80388		9.28756
111111111110111		13		0.1766		27		62043		8.3318
111111111110111		12		0.141559		26		62142		8.87973
111111111110111		11		0.111096		25		62219		8.43199
111111111110111		10		0.0849385		24		62295		8.38491
111111111110111		9		0.0629082		23		62360		8.99984
111111111110111		8		0.0447933		22		62410		8.8836
111111111110111		7		0.0303078		21		62459		9.7645
111111111110111		6		0.0192262		20		62519		8.74818
111111111110111		5		0.011238		19		62562		9.45506
111111111110111		4		0.00587696		18		62643		9.30084
111111111110111		3		0.0025642		17		62880		8.95503
111111111110111		2		0.000777491		16		63724		8.96854
111111111110111		1		0.000108635		14		83442		9.5252
111111111111011		13		0.176272		27		62045		8.82217
111111111111011		12		0.141843		26		62143		8.54321
111111111111011		11		0.111731		25		62226		10.019
111111111111011		10		0.0857998		24		62297		11.7412
111111111111011		9		0.0639158		23		62360		9.15677
111111111111011		8		0.045878		22		62407		11.3679
111111111111011		7		0.0313904		21		62462		11.7186
111111111111011		6		0.0201835		20		62519		9.5081
111111111111011		5		0.0120076		19		62565		9.99042
111111111111011		4		0.00647952		18		62651		10.0151
111111111111011		3		0.003023		17		62916		9.84181
111111111111011		2		0.00104843		16		63881		10.4249
111111111111011		1		0.0001796		14		83116		8.33144
1111111111100111		12		0.172365		27		62053		8.22739
1111111111100111		11		0.137122		26		62149		7.45724
1111111111100111		10		0.106427		25		62228		8.49116
1111111111100111		9		0.0802586		24		62289		8.92507
1111111111100111		8		0.0583932		23		62358		8.62184
1111111111100111		7		0.0405876		22		62419		8.87075
1111111111100111		6		0.0264604		21		62471		9.01905
1111111111100111		5		0.0160212		20		62527		9.04952
1111111111100111		4		0.00839999		19		62565		9.31964
1111111111100111		3		0.00407576		18		62656		9.70566
1111111111100111		2		0.00127389		16		64000		9.51337
1111111111100111		1		0.000449826		14		82932		8.6822
1111111111110011		12		0.171382		27		62055		8.90654
1111111111110011		11		0.137139		26		62156		8.1991
1111111111110011		10		0.107339		25		62236		9.81996
1111111111110011		9		0.0818107		24		62294		8.67932
1111111111110011		8		0.0602837		23		62358		8.21155
1111111111110011		7		0.0425604		22		62411		9.06025
1111111111110011		6		0.0283957		21		62474		9.15518
1111111111110011		5		0.0176809		20		62526		9.0558
1111111111110011		4		0.00979531		19		62574		8.75822
1111111111110011		3		0.0049663		18		62684		8.68831
1111111111110011		2		0.00174656		16		63991		8.30282
1111111111110011		1		0.000636126		14		82692		8.716
