shape		t		lossrate		minCoverage	PM		runtime

11111111111111		1		0.197446		14		65887		5.8346
1111111111111		2		0.192747		14		65899		2.64191
1111111111111		1		0.127661		13		86613		2.67111
11111111100111		2		0.141215		14		66848		1.74074
11111111100111		1		0.0799839		12		186066		1.87724
111111111111		3		0.182388		14		65933		1.75395
111111111111		2		0.122337		13		86643		1.79327
111111111111		1		0.0717955		12		173320		1.85243
11111101110101		2		0.122604		13		68569		1.71744
11111101110101		1		0.0528425		11		587859		2.2401
1111111001111		3		0.171587		15		60836		1.58157
1111111001111		2		0.0784744		13		91590		1.6195
1111111001111		1		0.0387275		11		590815		2.11923
11111111111		4		0.166218		14		66005		1.59598
11111111111		3		0.110647		13		86664		1.64102
11111111111		2		0.0653403		12		173348		1.71338
11111111111		1		0.0316828		11		534767		2.06719
1111111000111		3		0.113126		14		67187		1.86111
1111111000111		2		0.0658271		12		186357		2.00357
1111111000111		1		0.0324046		10		2189356		4.01532
1111111111		5		0.142479		14		66063		3.79079
1111111111		4		0.0910158		13		86739		3.84707
1111111111		3		0.051999		12		173451		2.83818
1111111111		2		0.0252102		11		534950		2.94666
1111111111		1		0.00942481		10		2041421		3.93204
111111100011		5		0.173969		16		59845		2.98069
111111100011		4		0.115153		15		62331		2.96426
111111100011		3		0.0606986		13		96392		2.99168
111111100011		2		0.0319882		11		606618		3.6179
111111100011		1		0.0138472		9		8994146		11.9083
111111111		7		0.166852		15		60831		2.93478
111111111		6		0.107186		14		66201		2.94427
111111111		5		0.0623726		13		86930		2.97684
111111111		4		0.0334189		12		173960		3.0809
111111111		3		0.0157685		11		536318		3.51466
111111111		2		0.00592039		10		2044214		5.08916
111111111		1		0.00138138		9		8320746		11.2126
101001111000101		3		0.18963		12		71788		6.60698
101001111000101		2		0.114277		10		401163		7.07391
101001111000101		1		0.0627509		8		32317599		39.8728
11111100011		6		0.146202		16		59910		7.36698
11111100011		5		0.0926584		15		62377		7.37668
11111100011		4		0.0523063		14		73278		7.38604
11111100011		3		0.0249261		12		224586		7.64812
11111100011		2		0.0114208		10		2434831		10.124
11111100011		1		0.00384474		8		37357002		44.6489
11111111		9		0.177376		16		59627		7.1036
11111111		8		0.107622		15		60992		7.06695
11111111		7		0.0627306		14		66446		7.05619
11111111		6		0.0337624		13		87687		7.14441
11111111		5		0.0160741		12		176531		7.23294
11111111		4		0.00618935		11		544655		7.72659
11111111		3		0.00159756		10		2067927		9.55623
11111111		2		0.000172054		9		8371003		16.5548
11111111		1		0		8		34399003		42.7442
10110000001100101		1		0.133745		7		114528324		157.449
1111100011		8		0.169143		17		59327		31.9276
1111100011		7		0.10897		16		60034		31.8642
1111100011		6		0.0642704		15		62676		28.4089
1111100011		5		0.0362789		14		74365		24.9505
1111100011		4		0.0177057		13		140265		25.0133
1111100011		3		0.00659079		11		950112		26.0905
1111100011		2		0.00236197		9		11342272		37.5143
1111100011		1		0.000657292		7		154403272		176.679
1111111		11		0.163189		17		59320		29.6844
1111111		10		0.0965471		16		59756		24.9917
1111111		9		0.0540772		15		61315		23.5128
1111111		8		0.0269392		14		67498		23.5234
1111111		7		0.0107426		13		91401		23.518
1111111		6		0.00241143		12		190131		23.7101
1111111		5		0		11		590487		24.2264
