shape		t		lossrate		minCoverage	PM		runtime

1111011010001110011011		26		0.177156		47		68886		7.92208
1111011010001110011011		25		0.144256		46		68891		7.91745
1111011010001110011011		24		0.114648		45		68891		7.90907
1111011010001110011011		23		0.0886391		44		68893		7.9099
1111011010001110011011		22		0.0662866		43		68899		7.91917
1111011010001110011011		21		0.0475012		42		68899		7.90571
1111011010001110011011		20		0.032361		41		68899		7.92982
1111011010001110011011		19		0.0208291		40		68900		7.91365
1111011010001110011011		18		0.0125531		39		68900		7.91703
1111011010001110011011		17		0.00699136		38		68900		7.92069
1111011010001110011011		16		0.00353762		37		68900		7.93703
1111011010001110011011		15		0.00160287		36		68900		7.91393
1111011010001110011011		14		0.000637831		35		68900		7.91897
1111011010001110011011		13		0.000217732		34		68900		7.92302
1111011010001110011011		12		6.12442e-05		33		68900		7.90366
1111011010001110011011		11		1.36614e-05		32		68900		7.91246
1111011010001110011011		10		2.32329e-06		31		68900		7.92677
1111011010001110011011		9		2.86158e-07		30		68900		7.9168
1111011010001110011011		8		2.79499e-08		28		68900		7.8653
1111011010001110011011		7		2.46053e-09		26		68900		7.8757
1111011010001110011011		6		0		24		68900		7.90542
11101110110001110110001		26		0.174701		48		68880		8.28028
11101110110001110110001		25		0.143868		47		68886		8.38616
11101110110001110110001		24		0.116167		46		68892		8.34749
11101110110001110110001		23		0.0917346		45		68894		8.34114
11101110110001110110001		22		0.0706172		44		68896		8.3525
11101110110001110110001		21		0.0527897		43		68896		8.35725
11101110110001110110001		20		0.0381396		42		68898		8.41303
11101110110001110110001		19		0.0265086		41		68898		8.34487
11101110110001110110001		18		0.0176369		40		68900		8.40738
11101110110001110110001		17		0.0111709		39		68900		8.3578
11101110110001110110001		16		0.00670075		38		68900		8.35614
11101110110001110110001		15		0.00377521		37		68900		8.35053
11101110110001110110001		14		0.00197755		36		68900		8.34849
11101110110001110110001		13		0.000950449		35		68900		8.37109
11101110110001110110001		12		0.000413522		34		68900		8.35787
11101110110001110110001		11		0.000160578		33		68900		8.32982
11101110110001110110001		10		5.48014e-05		32		68900		8.29477
11101110110001110110001		9		1.62373e-05		30		68900		8.42299
11101110110001110110001		8		4.04645e-06		28		68900		8.40396
11101110110001110110001		7		8.28115e-07		26		68900		8.39532
11101110110001110110001		6		1.26265e-07		24		68900		8.39546
11101110110001110110001		5		1.75576e-08		22		68900		8.34855
11101110110001110110001		4		1.68326e-09		20		68900		8.35613
11101110110001110110001		3		0		18		68900		8.29836
1111111111100000111		28		0.19522		46		68888		7.843
1111111111100000111		27		0.16483		45		68888		7.82724
1111111111100000111		26		0.13732		44		68888		7.84781
1111111111100000111		25		0.112587		43		68891		7.89669
1111111111100000111		24		0.0906086		42		68895		7.853
1111111111100000111		23		0.0714359		41		68898		7.89565
1111111111100000111		22		0.054938		40		68899		7.91242
1111111111100000111		21		0.0410782		39		68899		7.83036
1111111111100000111		20		0.0298754		38		68899		7.91607
1111111111100000111		19		0.0210962		37		68899		7.27529
1111111111100000111		18		0.0143837		36		68899		7.88616
1111111111100000111		17		0.00933285		35		68900		7.89481
1111111111100000111		16		0.00571294		34		68900		7.88225
1111111111100000111		15		0.00325594		33		68900		7.87644
1111111111100000111		14		0.00174495		32		68900		7.82831
1111111111100000111		13		0.000891851		31		68900		7.88256
1111111111100000111		12		0.00041882		30		68900		7.86244
1111111111100000111		11		0.000175516		29		68900		7.89759
1111111111100000111		10		5.95672e-05		28		68900		7.92065
1111111111100000111		9		1.56198e-05		27		68900		7.84332
1111111111100000111		8		2.96827e-06		26		68900		7.84027
1111111111100000111		7		3.18207e-07		25		68900		7.83004
1111111111100000111		6		1.09325e-08		24		68900		7.85174
1111111111100000111		5		0		22		68900		7.868
11111111111111		28		0.179996		41		68885		7.80828
11111111111111		27		0.154168		40		68890		7.86218
11111111111111		26		0.130421		39		68893		8.36384
11111111111111		25		0.108913		38		68896		7.18862
11111111111111		24		0.09006		37		68896		7.19145
11111111111111		23		0.0737131		36		68897		7.1945
11111111111111		22		0.0596544		35		68897		7.20447
11111111111111		21		0.0475843		34		68899		7.13444
11111111111111		20		0.0373719		33		68899		7.16333
11111111111111		19		0.0288553		32		68899		7.12636
11111111111111		18		0.021919		31		68899		7.16581
11111111111111		17		0.0163704		30		68900		7.16707
11111111111111		16		0.0119939		29		68900		7.15576
11111111111111		15		0.00859919		28		68900		8.31647
11111111111111		14		0.00601989		27		68900		7.16343
11111111111111		13		0.00410031		26		68900		7.15246
11111111111111		12		0.00271052		25		68900		7.16366
11111111111111		11		0.00173424		24		68900		7.14816
11111111111111		10		0.0010719		23		68900		7.15825
11111111111111		9		0.000636183		22		68902		7.17628
11111111111111		8		0.000359813		21		68902		7.19438
11111111111111		7		0.000192018		20		68913		7.202
11111111111111		6		9.57084e-05		19		68914		7.19326
11111111111111		5		4.39127e-05		18		69005		7.19138
11111111111111		4		1.79885e-05		17		69316		7.19743
11111111111111		3		6.24051e-06		16		70657		7.13889
11111111111111		2		1.657e-06		15		76329		7.19404
11111111111111		1		2.59839e-07		14		99956		7.33155
110101111001100010111		28		0.164582		48		68892		5.16532
110101111001100010111		27		0.13227		47		68893		5.37031
110101111001100010111		26		0.103636		46		68894		5.1438
110101111001100010111		25		0.0787558		45		68897		5.12939
110101111001100010111		24		0.057742		44		68898		5.14939
110101111001100010111		23		0.0405811		43		68898		5.1432
110101111001100010111		22		0.0271054		42		68900		5.11504
110101111001100010111		21		0.0170398		41		68900		5.14407
110101111001100010111		20		0.00996243		40		68900		5.11642
110101111001100010111		19		0.00536321		39		68900		5.13295
110101111001100010111		18		0.00262149		38		68900		5.13489
110101111001100010111		17		0.00114112		37		68900		5.139
110101111001100010111		16		0.000430456		36		68900		5.13832
110101111001100010111		15		0.000136289		35		68900		5.12724
110101111001100010111		14		3.52777e-05		34		68900		5.13953
110101111001100010111		13		7.29312e-06		33		68900		5.14299
110101111001100010111		12		1.12976e-06		32		68900		5.11115
110101111001100010111		11		1.20059e-07		31		68900		5.14163
110101111001100010111		10		8.69157e-09		30		68900		5.1472
110101111001100010111		9		5.7097e-11		29		68900		5.12292
110101111001100010111		8		0		27		68900		5.13296
11111111110000111		30		0.173512		46		68891		4.57305
11111111110000111		29		0.14418		45		68892		4.55704
11111111110000111		28		0.117945		44		68894		4.568
11111111110000111		27		0.0945441		43		68896		4.58077
11111111110000111		26		0.0743929		42		68899		4.56069
11111111110000111		25		0.0573607		41		68899		4.58214
11111111110000111		24		0.0430471		40		68899		4.57225
11111111110000111		23		0.031533		39		68899		4.55906
11111111110000111		22		0.0224384		38		68899		4.56609
11111111110000111		21		0.0153103		37		68899		4.56065
11111111110000111		20		0.010039		36		68900		4.55431
11111111110000111		19		0.00624242		35		68900		4.55028
11111111110000111		18		0.00364576		34		68900		4.58122
11111111110000111		17		0.00202426		33		68900		4.57438
11111111110000111		16		0.00105132		32		68900		4.5969
11111111110000111		15		0.000493493		31		68900		4.62692
11111111110000111		14		0.000190881		30		68900		4.60961
11111111110000111		13		5.78136e-05		29		68900		4.59127
11111111110000111		12		1.12489e-05		28		68900		4.60179
11111111110000111		11		1.17595e-06		27		68900		4.60021
11111111110000111		10		7.83935e-08		26		68900		4.62291
11111111110000111		9		1.28145e-09		25		68900		4.58774
11111111110000111		8		0		24		68900		4.60996
1111111111111		31		0.190245		43		68885		8.14102
1111111111111		30		0.162263		42		68891		7.66575
1111111111111		29		0.136583		41		68894		6.99969
1111111111111		28		0.113433		40		68896		7.48091
1111111111111		27		0.0932975		39		68897		7.43641
1111111111111		26		0.0759147		38		68897		5.93419
1111111111111		25		0.061002		37		68898		8.01592
1111111111111		24		0.048145		36		68898		7.49829
1111111111111		23		0.0373816		35		68899		7.79601
1111111111111		22		0.0285778		34		68899		6.99463
1111111111111		21		0.0215086		33		68899		6.31048
1111111111111		20		0.0159046		32		68900		6.92662
1111111111111		19		0.0115274		31		68900		7.73476
1111111111111		18		0.00816645		30		68900		7.27297
1111111111111		17		0.0056321		29		68900		7.97711
1111111111111		16		0.00377312		28		68900		7.49
1111111111111		15		0.00245099		27		68900		6.55886
1111111111111		14		0.00154509		26		68900		8.40295
1111111111111		13		0.000940348		25		68900		8.57154
1111111111111		12		0.000548721		24		68900		6.86809
1111111111111		11		0.000307633		23		68900		7.27125
1111111111111		10		0.000164644		22		68902		7.68891
1111111111111		9		8.32213e-05		21		68902		7.32397
1111111111111		8		3.90968e-05		20		68913		8.04862
1111111111111		7		1.66739e-05		19		68914		6.72343
1111111111111		6		6.24127e-06		18		69005		7.11575
1111111111111		5		1.94788e-06		17		69316		8.06874
1111111111111		4		4.66941e-07		16		70657		6.34507
1111111111111		3		7.48851e-08		15		76333		6.16542
1111111111111		2		6.17046e-09		14		99956		8.6312
1111111111111		1		1.4098e-10		13		192154		8.49305
1110100111010011101		31		0.165656		49		68891		4.00545
1110100111010011101		30		0.133023		48		68896		4.03215
1110100111010011101		29		0.104342		47		68896		4.01681
1110100111010011101		28		0.079714		46		68896		4.05258
1110100111010011101		27		0.0590701		45		68899		4.02806
1110100111010011101		26		0.0422508		44		68899		4.0328
1110100111010011101		25		0.0290131		43		68899		4.00758
1110100111010011101		24		0.0189726		42		68900		4.05328
1110100111010011101		23		0.0116879		41		68900		4.02869
1110100111010011101		22		0.00669961		40		68900		4.03469
1110100111010011101		21		0.00351254		39		68900		4.02345
1110100111010011101		20		0.00164609		38		68900		4.01351
1110100111010011101		19		0.000666944		37		68900		4.03924
1110100111010011101		18		0.000221539		36		68900		4.02639
1110100111010011101		17		5.45496e-05		35		68900		4.0365
1110100111010011101		16		9.4545e-06		34		68900		4.03902
1110100111010011101		15		8.46974e-07		33		68900		4.00944
1110100111010011101		14		2.3063e-08		32		68900		4.03198
1110100111010011101		13		1.3615e-10		31		68900		4.03831
1110100111010011101		12		0		30		68900		4.03137
11111111100111		33		0.170942		46		68895		4.01645
11111111100111		32		0.141039		45		68896		4.01433
11111111100111		31		0.114519		44		68897		4.0042
11111111100111		30		0.0915346		43		68897		4.0333
11111111100111		29		0.0718938		42		68898		4.06497
11111111100111		28		0.0553188		41		68898		4.03203
11111111100111		27		0.041618		40		68899		4.07189
11111111100111		26		0.0305602		39		68899		4.02391
11111111100111		25		0.0218408		38		68899		4.06343
11111111100111		24		0.0151556		37		68899		4.06345
11111111100111		23		0.0101836		36		68900		3.95741
11111111100111		22		0.00658159		35		68900		4.03657
11111111100111		21		0.00409203		34		68900		4.02922
11111111100111		20		0.0024291		33		68900		4.02899
11111111100111		19		0.00136105		32		68900		3.99562
11111111100111		18		0.000710553		31		68900		3.97609
11111111100111		17		0.000345712		30		68900		4.02995
11111111100111		16		0.000149984		29		68900		4.04352
11111111100111		15		5.54118e-05		28		68900		4.05684
11111111100111		14		1.69369e-05		27		68900		4.01551
11111111100111		13		3.83314e-06		26		68900		3.9915
11111111100111		12		4.82e-07		25		68900		4.02486
11111111100111		11		2.24105e-08		24		68900		4.02607
11111111100111		10		0		23		68900		4.02224
111111111111		34		0.196352		45		68887		3.6469
111111111111		33		0.166304		44		68894		3.62457
111111111111		32		0.138853		43		68894		3.60279
111111111111		31		0.114263		42		68895		3.63577
111111111111		30		0.092997		41		68897		3.64872
111111111111		29		0.0745196		40		68898		3.6478
111111111111		28		0.0587935		39		68898		3.62039
111111111111		27		0.045626		38		68899		3.64409
111111111111		26		0.0348608		37		68899		3.622
111111111111		25		0.02622		36		68899		3.64501
111111111111		24		0.0193709		35		68899		3.63975
111111111111		23		0.0140205		34		68900		3.61795
111111111111		22		0.0099114		33		68900		3.63504
111111111111		21		0.00680556		32		68900		3.6152
111111111111		20		0.00452539		31		68900		3.59001
111111111111		19		0.00290773		30		68900		3.64658
111111111111		18		0.00179684		29		68900		3.63655
111111111111		17		0.00108271		28		68900		3.59607
111111111111		16		0.00063192		27		68900		3.63379
111111111111		15		0.000354237		26		68900		3.62928
111111111111		14		0.000189175		25		68900		3.60939
111111111111		13		9.50029e-05		24		68900		3.60819
111111111111		12		4.39318e-05		23		68900		3.6039
111111111111		11		1.81299e-05		22		68902		3.63013
111111111111		10		6.3374e-06		21		68902		3.64671
111111111111		9		1.68987e-06		20		68913		3.64598
111111111111		8		2.65222e-07		19		68914		3.60374
111111111111		7		0		18		69005		3.64006
11111101110101		36		0.177548		49		68896		4.03409
11111101110101		35		0.1446		48		68896		4.02042
11111101110101		34		0.115669		47		68897		4.00768
11111101110101		33		0.0907391		46		68897		4.00255
11111101110101		32		0.0697031		45		68897		4.00983
11111101110101		31		0.0523232		44		68899		4.02465
11111101110101		30		0.0382349		43		68899		4.00938
11111101110101		29		0.027121		42		68899		4.01284
11111101110101		28		0.0186145		41		68899		3.98044
11111101110101		27		0.0123304		40		68900		3.99076
11111101110101		26		0.0078425		39		68900		4.01124
11111101110101		25		0.00475906		38		68900		3.99556
11111101110101		24		0.00273902		37		68900		4.00677
11111101110101		23		0.00148099		36		68900		4.02313
11111101110101		22		0.00074422		35		68900		4.01101
11111101110101		21		0.000339422		34		68900		4.02834
11111101110101		20		0.000134631		33		68900		4.02989
11111101110101		19		4.40507e-05		32		68900		4.03212
11111101110101		18		1.09031e-05		31		68900		4.02224
11111101110101		17		1.69154e-06		30		68900		4.01864
11111101110101		16		9.40866e-08		29		68900		4.00856
11111101110101		15		0		28		68900		4.00452
1111111001111		36		0.174278		48		68896		3.63043
1111111001111		35		0.141495		47		68897		3.61838
1111111001111		34		0.112586		46		68897		3.62943
1111111001111		33		0.0878933		45		68897		3.63805
1111111001111		32		0.0671356		44		68897		3.62953
1111111001111		31		0.0500005		43		68898		3.62941
1111111001111		30		0.0361754		42		68899		3.61084
1111111001111		29		0.025408		41		68899		3.61604
1111111001111		28		0.0172425		40		68900		3.60027
1111111001111		27		0.0112912		39		68900		3.63371
1111111001111		26		0.00706408		38		68900		3.63795
1111111001111		25		0.00421284		37		68900		3.6415
1111111001111		24		0.00238485		36		68900		3.63344
1111111001111		23		0.00126984		35		68900		3.59827
1111111001111		22		0.000626493		34		68900		3.64267
1111111001111		21		0.000277736		33		68900		3.64162
1111111001111		20		0.000115496		32		68900		3.62251
1111111001111		19		4.19506e-05		31		68900		3.63948
1111111001111		18		1.22863e-05		30		68900		3.62514
1111111001111		17		2.51376e-06		29		68900		3.58624
1111111001111		16		4.66941e-07		28		68900		3.64146
1111111001111		15		7.48851e-08		27		68900		3.64877
1111111001111		14		6.17046e-09		26		68900		3.63848
1111111001111		13		1.4098e-10		25		68900		3.62736
1111111001111		12		0		24		68900		3.62878
11111111111		37		0.197035		47		68892		3.54028
11111111111		36		0.165084		46		68895		3.55221
11111111111		35		0.136129		45		68895		3.53568
11111111111		34		0.109862		44		68896		3.52704
11111111111		33		0.0872648		43		68898		3.56499
11111111111		32		0.0682792		42		68898		3.5305
11111111111		31		0.052663		41		68899		3.53843
11111111111		30		0.0399623		40		68899		3.50765
11111111111		29		0.0298052		39		68899		3.52144
11111111111		28		0.0217786		38		68899		3.52735
11111111111		27		0.015545		37		68900		3.56329
11111111111		26		0.0107953		36		68900		3.53797
11111111111		25		0.00723992		35		68900		3.52831
11111111111		24		0.0046005		34		68900		3.53674
11111111111		23		0.00284556		33		68900		3.51802
11111111111		22		0.00171525		32		68900		3.53409
11111111111		21		0.00100154		31		68900		3.54377
11111111111		20		0.000561819		30		68900		3.55381
11111111111		19		0.000298306		29		68900		3.53647
11111111111		18		0.000147024		28		68900		3.53663
11111111111		17		6.49143e-05		27		68900		3.55434
11111111111		16		2.40412e-05		26		68900		3.5324
11111111111		15		6.26172e-06		25		68900		3.53775
11111111111		14		0		24		68900		3.54177
111001001010011101		37		0.189896		54		68891		5.26888
111001001010011101		36		0.147927		53		68894		5.28051
111001001010011101		35		0.111683		52		68897		5.27028
111001001010011101		34		0.0813168		51		68898		5.26608
111001001010011101		33		0.0567136		50		68900		5.25273
111001001010011101		32		0.0376437		49		68900		5.25802
111001001010011101		31		0.0235362		48		68900		5.27668
111001001010011101		30		0.0136899		47		68900		5.26612
111001001010011101		29		0.00732077		46		68900		5.27797
111001001010011101		28		0.00351835		45		68900		5.27377
111001001010011101		27		0.00149087		44		68900		5.34898
111001001010011101		26		0.000543194		43		68900		6.0765
111001001010011101		25		0.000162567		42		68900		5.49723
111001001010011101		24		3.871e-05		41		68900		5.80128
111001001010011101		23		6.95243e-06		40		68900		5.52787
111001001010011101		22		8.60004e-07		39		68900		5.65156
111001001010011101		21		6.48835e-08		38		68900		5.4597
111001001010011101		20		2.32102e-09		37		68900		5.45763
111001001010011101		19		8.43478e-11		36		68900		5.56631
111001001010011101		18		0		35		68900		5.36957
1111111000111		39		0.173217		51		68897		4.54039
1111111000111		38		0.137252		50		68897		4.49484
1111111000111		37		0.106148		49		68897		4.5365
1111111000111		36		0.0804937		48		68897		4.51168
1111111000111		35		0.0591797		47		68898		4.49086
1111111000111		34		0.0419604		46		68899		4.54874
1111111000111		33		0.0287501		45		68899		6.18753
1111111000111		32		0.018804		44		68899		7.4346
1111111000111		31		0.011814		43		68900		6.82297
1111111000111		30		0.00715789		42		68900		6.61556
1111111000111		29		0.00398781		41		68900		6.15516
1111111000111		28		0.0020336		40		68900		5.98731
1111111000111		27		0.001002		39		68900		6.67117
1111111000111		26		0.000424244		38		68900		6.28547
1111111000111		25		0.00013577		37		68900		6.93144
1111111000111		24		4.17357e-05		36		68900		5.62124
1111111000111		23		1.11545e-05		35		68900		6.62635
1111111000111		22		1.135e-06		34		68900		6.10095
1111111000111		21		7.48851e-08		33		68900		6.28171
1111111000111		20		6.17046e-09		32		68900		5.34659
1111111000111		19		1.4098e-10		31		68900		6.19516
1111111000111		18		0		30		68900		5.90083
1111111111		40		0.190818		49		68895		4.36791
1111111111		39		0.156145		48		68896		4.36577
1111111111		38		0.124953		47		68896		4.36354
1111111111		37		0.0979123		46		68898		4.36196
1111111111		36		0.075496		45		68899		4.36557
1111111111		35		0.0573415		44		68899		4.36144
1111111111		34		0.0428502		43		68899		4.37131
1111111111		33		0.0313666		42		68899		4.36404
1111111111		32		0.0223781		41		68899		4.36245
1111111111		31		0.0154785		40		68900		4.36369
1111111111		30		0.0100626		39		68900		4.37279
1111111111		29		0.00636442		38		68900		4.4248
1111111111		28		0.00389494		37		68900		4.47118
1111111111		27		0.00229412		36		68900		4.44245
1111111111		26		0.00129692		35		68900		4.4511
1111111111		25		0.000694921		34		68900		4.44549
1111111111		24		0.000343932		33		68900		4.44594
1111111111		23		0.000149051		32		68900		4.455
1111111111		22		4.96635e-05		31		68900		4.43869
1111111111		21		0		30		68900		4.45086
