shape		t		lossrate		minCoverage	PM		runtime

1111011010001110011011		3		0.101828		18		62529		5.07631
1111011010001110011011		2		0.0344226		16		62549		5.07596
1111011010001110011011		1		0.00602588		14		71932		5.08845
11101110110001110110001		3		0.12013		18		62517		5.04679
11101110110001110110001		2		0.0525416		16		62556		5.04646
11101110110001110110001		1		0.0110978		14		71326		5.09796
1111111111100000111		4		0.161557		20		62493		5.07272
1111111111100000111		3		0.10391		18		62563		5.04767
1111111111100000111		2		0.050931		16		63172		4.94333
1111111111100000111		1		0.0230425		14		72486		5.06474
11111111111111		4		0.183896		17		62626		5.07037
11111111111111		3		0.13845		16		63036		4.98756
11111111111111		2		0.0986392		15		64896		4.99203
11111111111111		1		0.0642135		14		72948		5.17674
110101111001100010111		4		0.136001		19		62518		2.56311
110101111001100010111		3		0.0622289		17		62547		2.56773
110101111001100010111		2		0.0176959		15		62570		2.56502
110101111001100010111		1		0.00265399		13		101140		2.62142
11111111110000111		5		0.173787		21		62516		2.48774
11111111110000111		4		0.0917427		19		62555		2.44771
11111111110000111		3		0.0513272		17		62691		2.45586
11111111110000111		2		0.0236193		15		65403		2.45289
11111111110000111		1		0.00705119		13		106469		2.5145
1111111111111		5		0.171256		17		62653		2.53635
1111111111111		4		0.128456		16		63047		2.49596
1111111111111		3		0.0918728		15		64901		2.49828
1111111111111		2		0.0605858		14		72948		2.51471
1111111111111		1		0.0351603		13		104599		2.56122
1110100111010011101		5		0.137337		20		62529		1.89381
1110100111010011101		4		0.0737941		18		62549		1.90572
1110100111010011101		3		0.0281639		16		62564		1.89187
1110100111010011101		2		0.00744873		14		63079		1.90143
1110100111010011101		1		0.00093461		12		232710		2.1528
11111111100111		6		0.159451		19		62532		1.82905
11111111100111		5		0.109009		18		62569		1.81905
11111111100111		4		0.057873		17		62721		1.83
11111111100111		3		0.026924		16		63165		1.82132
11111111100111		2		0.00510317		14		74843		1.83772
11111111100111		1		0.00133903		12		259972		2.11697
111111111111		6		0.15434		17		62683		1.82069
111111111111		5		0.114832		16		63060		1.82207
111111111111		4		0.080738		15		64908		1.8238
111111111111		3		0.0530102		14		72951		1.83686
111111111111		2		0.0314827		13		104602		1.88677
111111111111		1		0.0157926		12		232950		2.07495
11111101110101		8		0.195607		21		62515		1.94169
11111101110101		7		0.141051		20		62533		1.94337
11111101110101		6		0.0915579		19		62564		1.94197
11111101110101		5		0.0501868		18		62640		1.94411
11111101110101		4		0.0203716		17		62904		1.94714
11111101110101		3		0.0050507		15		64087		1.94392
11111101110101		2		0.000761072		13		77346		1.97031
11111101110101		1		5.35382e-05		11		880211		3.19853
1111111001111		8		0.19289		20		62522		1.79686
1111111001111		7		0.137873		19		62542		1.79894
1111111001111		6		0.0884215		18		62569		1.79562
1111111001111		5		0.0493506		17		62707		1.79664
1111111001111		4		0.0192356		16		63096		1.80286
1111111001111		3		0.00649792		15		65025		1.79788
1111111001111		2		0.000902157		13		112755		1.88222
1111111001111		1		0.000174872		11		872466		3.04082
11111111111		8		0.17656		18		62553		1.77889
11111111111		7		0.132432		17		62690		1.78017
11111111111		6		0.0952211		16		63067		1.77825
11111111111		5		0.0654137		15		64912		1.78339
11111111111		4		0.0421405		14		72963		1.79915
11111111111		3		0.0248957		13		104618		1.84683
11111111111		2		0.0128687		12		232975		2.05118
11111111111		1		0.00512139		11		764771		2.84112
111001001010011101		7		0.124897		22		62540		2.2001
111001001010011101		6		0.066171		20		62546		2.19995
111001001010011101		5		0.0271689		18		62551		2.19989
111001001010011101		4		0.00814128		16		62553		2.19913
111001001010011101		3		0.00159376		14		62611		2.20126
111001001010011101		2		0.00015504		12		66293		2.20827
111001001010011101		1		1.77439e-06		10		2922193		6.63611
1111111000111		9		0.162455		21		62536		2.22528
1111111000111		8		0.106489		20		62543		2.22484
1111111000111		7		0.0636149		19		62552		2.22683
1111111000111		6		0.0311736		18		62589		2.22696
1111111000111		5		0.0131502		17		62744		2.22463
1111111000111		4		0.00437504		16		63256		2.22791
1111111000111		3		0.000986542		14		75165		2.25022
1111111000111		2		0.00023245		12		260889		2.57376
1111111000111		1		2.76467e-05		10		3303790		7.23113
1111111111		10		0.191965		19		62534		2.20302
1111111111		9		0.143551		18		62559		2.20546
1111111111		8		0.103501		17		62696		2.20485
1111111111		7		0.0719169		16		63076		2.20437
1111111111		6		0.0475216		15		64927		2.21209
1111111111		5		0.0293467		14		72995		2.2227
1111111111		4		0.0165879		13		104685		2.28358
1111111111		3		0.00819156		12		233191		2.50206
1111111111		2		0.00326963		11		765210		3.37071
1111111111		1		0.000894333		10		2951991		6.6508
111001001010001011		9		0.178029		25		62523		3.34773
111001001010001011		8		0.103087		23		62545		3.36285
111001001010001011		7		0.0496851		21		62548		3.35091
111001001010001011		6		0.0196661		19		62550		3.35633
111001001010001011		5		0.00613012		17		62552		3.35481
111001001010001011		4		0.00160712		15		62560		3.36101
111001001010001011		3		0.0002514		13		62774		3.34988
111001001010001011		2		2.44382e-05		11		88419		3.41058
111001001010001011		1		0		9		11481586		21.0467
111111100011		11		0.166929		22		62531		3.63838
111111100011		10		0.114572		21		62541		3.64703
111111100011		9		0.0733676		20		62550		3.64747
111111100011		8		0.0408695		19		62566		3.63793
111111100011		7		0.0181581		18		62619		3.64804
111111100011		6		0.00697277		17		62851		3.64196
111111100011		5		0.00245953		16		63677		3.65838
111111100011		4		0.000480851		15		67389		3.6547
111111100011		3		3.1035e-05		13		120889		3.77019
111111100011		2		0		11		901952		5.12585
111111111		12		0.198513		20		62530		3.58061
111111111		11		0.146845		19		62541		3.59756
111111111		10		0.104818		18		62571		3.58325
111111111		9		0.0722343		17		62705		3.5913
111111111		8		0.0472532		16		63091		3.58226
111111111		7		0.0290137		15		64982		3.60797
111111111		6		0.0163969		14		73109		3.60475
111111111		5		0.00804541		13		105075		3.69384
111111111		4		0.00345071		12		234273		3.91507
111111111		3		0.00125598		11		768335		4.90604
111111111		2		0.000348326		10		2958378		8.412
111111111		1		5.46572e-05		9		11964932		21.8578
