shape		t		lossrate		minCoverage	PM		runtime

1111011010001110011011		14		0.182102		35		68637		6.3412
1111011010001110011011		13		0.13718		34		68640		6.33703
1111011010001110011011		12		0.0974575		33		68642		6.33536
1111011010001110011011		11		0.0646649		32		68642		6.3386
1111011010001110011011		10		0.0394637		31		68642		6.33657
1111011010001110011011		9		0.0217496		30		68642		6.33899
1111011010001110011011		8		0.0105234		28		68642		6.3403
1111011010001110011011		7		0.0043407		26		68642		6.33829
1111011010001110011011		6		0.00146431		24		68642		6.34181
1111011010001110011011		5		0.000387349		22		68642		6.33535
1111011010001110011011		4		7.68956e-05		20		68642		6.35209
1111011010001110011011		3		1.11932e-05		18		68642		6.34226
1111011010001110011011		2		9.86613e-07		16		68651		6.33819
1111011010001110011011		1		7.10182e-08		14		94606		6.43959
11101110110001110110001		14		0.179205		36		68624		6.31437
11101110110001110110001		13		0.138358		35		68635		6.31429
11101110110001110110001		12		0.102287		34		68638		6.31988
11101110110001110110001		11		0.0718422		33		68642		6.30908
11101110110001110110001		10		0.047436		32		68642		6.31245
11101110110001110110001		9		0.029139		30		68642		6.30769
11101110110001110110001		8		0.0164723		28		68642		6.31171
11101110110001110110001		7		0.00843566		26		68642		6.31208
11101110110001110110001		6		0.00380236		24		68642		6.35487
11101110110001110110001		5		0.00143851		22		68642		6.31404
11101110110001110110001		4		0.000426008		20		68642		6.33194
11101110110001110110001		3		8.93126e-05		18		68642		6.31522
11101110110001110110001		2		1.12635e-05		16		68677		6.31207
11101110110001110110001		1		5.07093e-07		14		93441		6.41292
1111111111100000111		15		0.182406		33		68629		6.11235
1111111111100000111		14		0.146099		32		68635		6.06105
1111111111100000111		13		0.113465		31		68637		6.02371
1111111111100000111		12		0.0850211		30		68640		6.07242
1111111111100000111		11		0.0612337		29		68642		6.1528
1111111111100000111		10		0.0411752		28		68642		6.12068
1111111111100000111		9		0.0263927		27		68642		6.18777
1111111111100000111		8		0.0156513		26		68642		6.14774
1111111111100000111		7		0.00840726		25		68642		6.16711
1111111111100000111		6		0.0042708		24		68642		6.08806
1111111111100000111		5		0.00184214		22		68642		6.12026
1111111111100000111		4		0.000785135		20		68645		6.05792
1111111111100000111		3		0.000280468		18		68734		6.02143
1111111111100000111		2		7.0008e-05		16		70238		6.1059
1111111111100000111		1		1.57722e-05		14		94217		6.11511
11111111111111		15		0.172035		28		68629		6.12831
11111111111111		14		0.144117		27		68633		6.05308
11111111111111		13		0.118641		26		68635		6.06027
11111111111111		12		0.0955754		25		68638		6.11465
11111111111111		11		0.0752258		24		68638		6.0567
11111111111111		10		0.0579949		23		68638		6.08923
11111111111111		9		0.0437203		22		68639		6.14812
11111111111111		8		0.0320764		21		68641		6.00816
11111111111111		7		0.0227839		20		68651		6.00927
11111111111111		6		0.0155728		19		68654		6.00719
11111111111111		5		0.0101526		18		68717		6.0119
11111111111111		4		0.00623242		17		68987		6.00929
11111111111111		3		0.00352406		16		70020		6.04965
11111111111111		2		0.00175973		15		74151		6.05231
11111111111111		1		0.000700108		14		92072		6.10318
110101111001100010111		16		0.194414		36		68634		3.80079
110101111001100010111		15		0.149359		35		68636		3.80061
110101111001100010111		14		0.109294		34		68642		3.8044
110101111001100010111		13		0.0752488		33		68642		3.80452
110101111001100010111		12		0.0480869		32		68642		3.82017
110101111001100010111		11		0.0281348		31		68642		3.80481
110101111001100010111		10		0.0148336		30		68642		3.80308
110101111001100010111		9		0.00690767		29		68642		3.79983
110101111001100010111		8		0.00274673		27		68642		3.80603
110101111001100010111		7		0.000888729		25		68642		3.80451
110101111001100010111		6		0.000218833		23		68642		3.80747
110101111001100010111		5		3.67612e-05		21		68642		3.80077
110101111001100010111		4		3.54446e-06		19		68642		3.80689
110101111001100010111		3		1.66234e-07		17		68642		3.80404
110101111001100010111		2		2.50723e-09		15		68682		3.80538
110101111001100010111		1		0		13		173330		4.20449
11111111110000111		17		0.177861		33		68631		3.54817
11111111110000111		16		0.142969		32		68637		3.51809
11111111110000111		15		0.112096		31		68639		3.54454
11111111110000111		14		0.0851995		30		68640		3.5294
11111111110000111		13		0.0622982		29		68642		3.55124
11111111110000111		12		0.043089		28		68642		3.5586
11111111110000111		11		0.0280335		27		68642		3.56069
11111111110000111		10		0.0169911		26		68642		3.54453
11111111110000111		9		0.00949683		25		68642		3.54229
11111111110000111		8		0.00476352		24		68642		3.53914
11111111110000111		7		0.00219854		23		68642		3.51692
11111111110000111		6		0.000858393		22		68643		3.53717
11111111110000111		5		0.000275336		21		68643		3.5631
11111111110000111		4		7.6251e-05		19		68665		3.54331
11111111110000111		3		1.93664e-05		17		69078		3.56265
11111111110000111		2		2.96662e-06		15		75261		3.58435
11111111110000111		1		1.63557e-07		13		174937		3.95749
1111111111111		17		0.169376		29		68633		3.5239
1111111111111		16		0.14077		28		68634		3.52749
1111111111111		15		0.114726		27		68638		3.52168
1111111111111		14		0.0914345		26		68638		3.52156
1111111111111		13		0.0715322		25		68638		3.54026
1111111111111		12		0.0549394		24		68638		3.56584
1111111111111		11		0.0412673		23		68640		3.52237
1111111111111		10		0.0302057		22		68641		3.51901
1111111111111		9		0.0214734		21		68643		3.52694
1111111111111		8		0.0147676		20		68653		3.52023
1111111111111		7		0.00976857		19		68654		3.5199
1111111111111		6		0.00616251		18		68717		3.52127
1111111111111		5		0.00366931		17		68987		3.52504
1111111111111		4		0.00203042		16		70020		3.52405
1111111111111		3		0.00101513		15		74155		3.5405
1111111111111		2		0.000434079		14		92072		3.61215
1111111111111		1		0.000137741		13		162016		3.88617
1110100111010011101		18		0.181417		36		68638		3.11377
1110100111010011101		17		0.140606		35		68640		3.11776
1110100111010011101		16		0.104743		34		68641		3.12012
1110100111010011101		15		0.0744264		33		68642		3.11079
1110100111010011101		14		0.0498611		32		68642		3.11088
1110100111010011101		13		0.0311728		31		68642		3.12591
1110100111010011101		12		0.0178754		30		68642		3.121
1110100111010011101		11		0.00924342		29		68642		3.12105
1110100111010011101		10		0.00419057		28		68642		3.11756
1110100111010011101		9		0.00160666		27		68642		3.11464
1110100111010011101		8		0.000493578		26		68642		3.12361
1110100111010011101		7		0.000106926		24		68642		3.11625
1110100111010011101		6		1.3258e-05		22		68642		3.11756
1110100111010011101		5		7.72588e-07		20		68642		3.11199
1110100111010011101		4		1.15295e-08		18		68644		3.11281
1110100111010011101		3		0		16		68681		3.11985
11111111100111		20		0.197924		33		68631		2.89078
11111111100111		19		0.16241		32		68634		2.8935
11111111100111		18		0.130521		31		68636		2.8927
11111111100111		17		0.10234		30		68638		2.89754
11111111100111		16		0.0780538		29		68640		2.89219
11111111100111		15		0.0577898		28		68640		2.90036
11111111100111		14		0.0413566		27		68642		2.8904
11111111100111		13		0.0284044		26		68642		2.89124
11111111100111		12		0.0185641		25		68642		2.90744
11111111100111		11		0.0114146		24		68642		2.89414
11111111100111		10		0.00647218		23		68642		2.89374
11111111100111		9		0.00327965		22		68643		2.89589
11111111100111		8		0.00139672		21		68643		2.90801
11111111100111		7		0.00048914		20		68653		2.8995
11111111100111		6		0.00011372		19		68657		2.90426
11111111100111		5		1.83013e-05		18		68732		2.89184
11111111100111		4		7.05232e-07		17		69043		2.89765
11111111100111		3		2.23321e-08		16		70230		2.89692
11111111100111		2		0		14		96765		3.00973
111111111111		20		0.19288		31		68633		2.85407
111111111111		19		0.160691		30		68634		2.85248
111111111111		18		0.131414		29		68636		2.85318
111111111111		17		0.105223		28		68638		2.85656
111111111111		16		0.0828085		27		68638		2.85135
111111111111		15		0.0640594		26		68638		2.85421
111111111111		14		0.0485561		25		68640		2.85406
111111111111		13		0.0359308		24		68642		2.85056
111111111111		12		0.0259006		23		68642		2.85701
111111111111		11		0.0181504		22		68643		2.84898
111111111111		10		0.0123146		21		68643		2.85353
111111111111		9		0.00805079		20		68653		2.85618
111111111111		8		0.00504365		19		68654		2.84873
111111111111		7		0.00300758		18		68717		2.86527
111111111111		6		0.0016895		17		68991		2.85117
111111111111		5		0.000881737		16		70024		2.85801
111111111111		4		0.000419178		15		74156		2.87336
111111111111		3		0.000174656		14		92078		2.95503
111111111111		2		5.93234e-05		13		162023		3.22804
111111111111		1		1.35554e-05		12		442205		4.23483
11111101110101		22		0.188086		35		68633		3.20697
11111101110101		21		0.151179		34		68634		3.21044
11111101110101		20		0.118573		33		68638		3.20759
11111101110101		19		0.0904817		32		68640		3.20723
11111101110101		18		0.0669524		31		68640		3.20817
11111101110101		17		0.0478188		30		68642		3.20645
11111101110101		16		0.0327788		29		68642		3.20731
11111101110101		15		0.0214112		28		68642		3.20356
11111101110101		14		0.0131868		27		68642		3.2062
11111101110101		13		0.007537		26		68642		3.20635
11111101110101		12		0.00389821		25		68642		3.20731
11111101110101		11		0.0017455		24		68642		3.20147
11111101110101		10		0.000641187		23		68642		3.20522
11111101110101		9		0.000176538		22		68648		3.20488
11111101110101		8		2.73701e-05		21		68651		3.20946
11111101110101		7		1.03609e-06		20		68669		3.20597
11111101110101		6		0		19		68704		3.20597
1111111001111		22		0.186108		34		68632		2.96902
1111111001111		21		0.149518		33		68638		2.97455
1111111001111		20		0.11707		32		68638		2.97171
1111111001111		19		0.0890488		31		68640		2.97012
1111111001111		18		0.0656786		30		68640		2.96877
1111111001111		17		0.0468124		29		68642		2.96844
1111111001111		16		0.0320315		28		68642		2.97111
1111111001111		15		0.0208376		27		68642		2.96914
1111111001111		14		0.0127663		26		68642		2.96865
1111111001111		13		0.00727089		25		68642		2.96726
1111111001111		12		0.00377854		24		68642		2.96886
1111111001111		11		0.00173761		23		68642		2.97071
1111111001111		10		0.000672659		22		68643		2.97203
1111111001111		9		0.000208345		21		68643		2.96734
1111111001111		8		4.42371e-05		20		68653		2.96902
1111111001111		7		6.4494e-06		19		68654		2.9691
1111111001111		6		4.9941e-07		18		68721		2.97178
1111111001111		5		2.21236e-08		17		69007		2.97
1111111001111		4		0		16		70083		2.97921
11111111111		22		0.177266		32		68635		2.88447
11111111111		21		0.14453		31		68635		2.88735
11111111111		20		0.115406		30		68638		2.8853
11111111111		19		0.090647		29		68638		2.88345
11111111111		18		0.0700128		28		68640		2.88253
11111111111		17		0.0529323		27		68642		2.88556
11111111111		16		0.0390404		26		68642		2.88578
11111111111		15		0.0280158		25		68642		2.88486
11111111111		14		0.0195761		24		68642		2.88168
11111111111		13		0.0132844		23		68642		2.88458
11111111111		12		0.00870896		22		68643		2.88709
11111111111		11		0.00548922		21		68643		2.88278
11111111111		10		0.00330532		20		68653		2.88802
11111111111		9		0.00189129		19		68654		2.88793
11111111111		8		0.00102408		18		68721		2.8864
11111111111		7		0.00051863		17		68995		2.88926
11111111111		6		0.000241577		16		70029		2.89871
11111111111		5		0.000101585		15		74162		2.91643
11111111111		4		3.75632e-05		14		92118		3.00033
11111111111		3		1.14875e-05		13		162134		3.27618
11111111111		2		2.57687e-06		12		442387		4.33328
11111111111		1		3.1487e-07		11		1578741		8.33941
111001001010011101		22		0.167194		39		68640		3.88963
111001001010011101		21		0.122791		38		68642		3.88639
111001001010011101		20		0.0857079		37		68642		3.89815
111001001010011101		19		0.0561925		36		68642		3.89228
111001001010011101		18		0.0342282		35		68642		3.88909
111001001010011101		17		0.019136		34		68642		3.88864
111001001010011101		16		0.00966046		33		68642		3.89238
111001001010011101		15		0.00429245		32		68642		3.88458
111001001010011101		14		0.00163782		31		68642		3.8889
111001001010011101		13		0.000518337		30		68642		3.88874
111001001010011101		12		0.000126945		29		68642		3.8879
111001001010011101		11		2.16964e-05		28		68642		3.88885
111001001010011101		10		1.99583e-06		27		68642		3.89219
111001001010011101		9		7.31492e-08		26		68642		3.89143
111001001010011101		8		6.07363e-10		24		68642		3.89415
111001001010011101		7		0		22		68642		3.88888
1111111000111		24		0.16584		36		68636		3.80145
1111111000111		23		0.128549		35		68638		3.803
1111111000111		22		0.0964816		34		68640		3.80103
1111111000111		21		0.0699383		33		68642		3.80371
1111111000111		20		0.0488943		32		68642		3.80285
1111111000111		19		0.0325388		31		68642		3.79893
1111111000111		18		0.0205158		30		68642		3.8015
1111111000111		17		0.0121126		29		68642		3.79837
1111111000111		16		0.00655328		28		68642		3.80175
1111111000111		15		0.0032541		27		68642		3.80235
1111111000111		14		0.00144786		26		68642		3.8037
1111111000111		13		0.0005473		25		68642		3.80147
1111111000111		12		0.000166921		24		68642		3.80242
1111111000111		11		3.81697e-05		23		68642		3.80343
1111111000111		10		4.376e-06		22		68643		3.80147
1111111000111		9		3.55227e-07		21		68643		3.80205
1111111000111		8		2.15641e-08		20		68653		3.80304
1111111000111		7		0		19		68661		3.80239
1111111111		25		0.188663		34		68635		3.63789
1111111111		24		0.152509		33		68635		3.64123
1111111111		23		0.12058		32		68637		3.64006
1111111111		22		0.093758		31		68642		3.64021
1111111111		21		0.0715352		30		68642		3.64537
1111111111		20		0.0530744		29		68642		3.6488
1111111111		19		0.038348		28		68642		3.64483
1111111111		18		0.0270235		27		68642		3.64387
1111111111		17		0.0185336		26		68642		3.64291
1111111111		16		0.0123109		25		68642		3.64435
1111111111		15		0.00786901		24		68642		3.6376
1111111111		14		0.00480275		23		68642		3.64856
1111111111		13		0.00278804		22		68643		3.64046
1111111111		12		0.00154021		21		68643		3.64167
1111111111		11		0.000799793		20		68653		3.64765
1111111111		10		0.000392181		19		68658		3.64244
1111111111		9		0.000179102		18		68724		3.6472
1111111111		8		7.46325e-05		17		69001		3.64351
1111111111		7		2.73934e-05		16		70054		3.65214
1111111111		6		8.37639e-06		15		74246		3.66984
1111111111		5		1.94302e-06		14		92314		3.761
1111111111		4		2.87361e-07		13		162628		4.06658
1111111111		3		1.83301e-08		12		443523		5.18
1111111111		2		0		11		1580911		9.43175
