shape		t		lossrate		minCoverage	PM		runtime

1111011010001110011011		20		0.178872		41		62408		6.254
1111011010001110011011		19		0.137813		40		62451		6.25112
1111011010001110011011		18		0.101176		39		62476		6.24783
1111011010001110011011		17		0.0710732		38		62498		6.25407
1111011010001110011011		16		0.047671		37		62520		6.24728
1111011010001110011011		15		0.0294823		36		62541		6.25249
1111011010001110011011		14		0.0159226		35		62552		6.2528
1111011010001110011011		13		0.0075956		34		62556		6.24909
1111011010001110011011		12		0.00327768		33		62559		6.24917
1111011010001110011011		11		0.00128752		32		62561		6.24921
1111011010001110011011		10		0.000413078		31		62561		6.24563
1111011010001110011011		9		0.000104209		30		62561		6.25077
1111011010001110011011		8		1.68757e-05		28		62561		6.25105
1111011010001110011011		7		2.56621e-06		26		62563		6.25492
1111011010001110011011		6		3.39766e-07		24		62563		6.25116
1111011010001110011011		5		0		22		62563		6.25165
11101110110001110110001		20		0.178088		42		62392		6.22551
11101110110001110110001		19		0.140596		41		62422		6.22278
11101110110001110110001		18		0.107388		40		62450		6.22641
11101110110001110110001		17		0.0793321		39		62478		6.23721
11101110110001110110001		16		0.0564444		38		62512		6.24704
11101110110001110110001		15		0.0382555		37		62539		6.22338
11101110110001110110001		14		0.0244637		36		62545		6.25291
11101110110001110110001		13		0.0143878		35		62551		6.29379
11101110110001110110001		12		0.00773194		34		62554		6.22351
11101110110001110110001		11		0.003756		33		62562		6.22428
11101110110001110110001		10		0.00163207		32		62562		6.22602
11101110110001110110001		9		0.000643211		30		62562		6.22455
11101110110001110110001		8		0.000222086		28		62563		6.22792
11101110110001110110001		7		6.30596e-05		26		62563		6.22694
11101110110001110110001		6		1.38305e-05		24		62563		6.22821
11101110110001110110001		5		1.83935e-06		22		62563		6.22996
11101110110001110110001		4		2.84795e-07		20		62563		6.27795
11101110110001110110001		3		0		18		62563		6.22659
1111111111100000111		22		0.1909		40		62379		6.00338
1111111111100000111		21		0.156237		39		62421		5.96422
1111111111100000111		20		0.12579		38		62450		5.98035
1111111111100000111		19		0.0995633		37		62481		6.04441
1111111111100000111		18		0.0768984		36		62500		5.95472
1111111111100000111		17		0.0574568		35		62518		5.91471
1111111111100000111		16		0.0392941		34		62538		6.08953
1111111111100000111		15		0.0257428		33		62546		5.99104
1111111111100000111		14		0.0160566		32		62551		6.02631
1111111111100000111		13		0.00956718		31		62557		5.96661
1111111111100000111		12		0.00572224		30		62559		6.01533
1111111111100000111		11		0.00311963		29		62560		5.95431
1111111111100000111		10		0.00138367		28		62560		6.07967
1111111111100000111		9		0.000480113		27		62562		6.05417
1111111111100000111		8		7.96318e-05		26		62563		6.03799
1111111111100000111		7		1.06868e-05		25		62563		6.02613
1111111111100000111		6		5.18758e-07		24		62563		5.99545
1111111111100000111		5		0		22		62563		5.94263
11111111111111		23		0.192558		36		62381		5.95179
11111111111111		22		0.161132		35		62430		5.92388
11111111111111		21		0.133242		34		62448		5.99958
11111111111111		20		0.10884		33		62477		5.92354
11111111111111		19		0.0878098		32		62498		6.00632
11111111111111		18		0.0697457		31		62510		5.92271
11111111111111		17		0.0543392		30		62523		5.96499
11111111111111		16		0.041499		29		62532		5.93108
11111111111111		15		0.0309926		28		62547		5.92099
11111111111111		14		0.0219529		27		62552		5.92175
11111111111111		13		0.0152206		26		62555		5.92199
11111111111111		12		0.010224		25		62557		6.00658
11111111111111		11		0.00659088		24		62559		5.92085
11111111111111		10		0.00406941		23		62559		5.92234
11111111111111		9		0.00241654		22		62564		5.92314
11111111111111		8		0.00136286		21		62568		5.92389
11111111111111		7		0.000709389		20		62579		5.92069
11111111111111		6		0.000330929		19		62581		6.00816
11111111111111		5		0.000132229		18		62627		5.92313
11111111111111		4		4.16423e-05		17		62862		5.93882
11111111111111		3		8.6865e-06		16		63707		5.92868
11111111111111		2		7.70086e-07		15		67384		5.96855
11111111111111		1		0		14		83234		6.10358
110101111001100010111		22		0.18209		42		62404		3.71108
110101111001100010111		21		0.140628		41		62448		3.71568
110101111001100010111		20		0.105203		40		62480		3.71101
110101111001100010111		19		0.0750511		39		62504		3.71303
110101111001100010111		18		0.0500727		38		62530		3.71536
110101111001100010111		17		0.0310164		37		62544		3.71854
110101111001100010111		16		0.0174871		36		62550		3.71755
110101111001100010111		15		0.00886781		35		62555		3.71768
110101111001100010111		14		0.00389568		34		62559		3.71681
110101111001100010111		13		0.00145223		33		62561		3.71833
110101111001100010111		12		0.000459144		32		62561		3.71427
110101111001100010111		11		0.000112432		31		62561		3.71851
110101111001100010111		10		1.54212e-05		30		62563		3.71554
110101111001100010111		9		1.03236e-06		29		62563		3.71776
110101111001100010111		8		0		27		62563		3.7324
11111111110000111		24		0.180711		40		62406		3.4439
11111111110000111		23		0.145994		39		62434		3.42491
11111111110000111		22		0.116597		38		62461		3.43602
11111111110000111		21		0.0894795		37		62493		3.44564
11111111110000111		20		0.0671175		36		62512		3.44712
11111111110000111		19		0.0485525		35		62531		3.43561
11111111110000111		18		0.0326492		34		62545		3.46397
11111111110000111		17		0.0217496		33		62550		3.44713
11111111110000111		16		0.0138426		32		62553		3.4645
11111111110000111		15		0.00835427		31		62553		3.47701
11111111110000111		14		0.00448536		30		62558		3.45634
11111111110000111		13		0.00222779		29		62560		3.42811
11111111110000111		12		0.000790843		28		62560		3.42915
11111111110000111		11		0.000134509		27		62560		3.43251
11111111110000111		10		1.93274e-05		26		62563		3.42858
11111111110000111		9		7.76451e-07		25		62563		3.46362
11111111110000111		8		0		24		62563		3.42683
1111111111111		25		0.186933		37		62397		3.43551
1111111111111		24		0.15502		36		62436		3.43744
1111111111111		23		0.126985		35		62464		3.43766
1111111111111		22		0.102633		34		62489		3.43986
1111111111111		21		0.081581		33		62504		3.43886
1111111111111		20		0.0636025		32		62518		3.43921
1111111111111		19		0.0486122		31		62542		3.47646
1111111111111		18		0.0350562		30		62547		3.43352
1111111111111		17		0.0248988		29		62553		3.44978
1111111111111		16		0.0173326		28		62554		3.43279
1111111111111		15		0.0117312		27		62557		3.43539
1111111111111		14		0.00761872		26		62559		3.43542
1111111111111		13		0.0047252		25		62559		3.4385
1111111111111		12		0.00281513		24		62560		3.45482
1111111111111		11		0.00159097		23		62562		3.43733
1111111111111		10		0.000825375		22		62566		3.43381
1111111111111		9		0.000377941		21		62568		3.43257
1111111111111		8		0.000141022		20		62579		3.43268
1111111111111		7		3.48946e-05		19		62581		3.43336
1111111111111		6		0		18		62627		3.43612
1110100111010011101		24		0.160869		42		62432		3.01987
1110100111010011101		23		0.123283		41		62464		3.02586
1110100111010011101		22		0.0912233		40		62502		3.02771
1110100111010011101		21		0.0645272		39		62520		3.02237
1110100111010011101		20		0.0433661		38		62537		3.01939
1110100111010011101		19		0.0272721		37		62545		3.0253
1110100111010011101		18		0.0156453		36		62552		3.02779
1110100111010011101		17		0.00809979		35		62556		3.03025
1110100111010011101		16		0.00367083		34		62559		3.02871
1110100111010011101		15		0.00118076		33		62560		3.02584
1110100111010011101		14		0.000281401		32		62563		3.0252
1110100111010011101		13		3.16786e-05		31		62563		3.03257
1110100111010011101		12		0		30		62563		3.02577
11111111100111		27		0.190546		40		62398		2.80543
11111111100111		26		0.153073		39		62443		2.79123
11111111100111		25		0.120628		38		62467		2.80067
11111111100111		24		0.0940195		37		62502		2.80562
11111111100111		23		0.071086		36		62512		2.80552
11111111100111		22		0.052332		35		62526		2.81425
11111111100111		21		0.0368632		34		62544		2.8072
11111111100111		20		0.0252251		33		62549		2.81976
11111111100111		19		0.0159631		32		62554		2.79761
11111111100111		18		0.00980014		31		62556		2.79728
11111111100111		17		0.0057497		30		62558		2.80587
11111111100111		16		0.00294533		29		62561		2.7937
11111111100111		15		0.00140265		28		62562		2.80276
11111111100111		14		0.000625677		27		62563		2.79199
11111111100111		13		0.000217459		26		62563		2.80021
11111111100111		12		4.16423e-05		25		62563		2.80002
11111111100111		11		8.6865e-06		24		62563		2.8231
11111111100111		10		7.70086e-07		23		62563		2.82616
11111111100111		9		0		22		62566		2.81759
111111111111		27		0.176989		38		62410		2.76947
111111111111		26		0.145038		37		62456		2.76416
111111111111		25		0.117201		36		62482		2.77184
111111111111		24		0.0929445		35		62500		2.7757
111111111111		23		0.0721214		34		62535		2.76879
111111111111		22		0.0523144		33		62537		2.77234
111111111111		21		0.0375881		32		62549		2.76701
111111111111		20		0.0265678		31		62553		2.76654
111111111111		19		0.0183736		30		62555		2.76483
111111111111		18		0.0123271		29		62558		2.76701
111111111111		17		0.00791046		28		62559		2.7686
111111111111		16		0.00480892		27		62560		2.76792
111111111111		15		0.00277389		26		62560		2.77326
111111111111		14		0.00148554		25		62561		2.7691
111111111111		13		0.000695823		24		62562		2.77485
111111111111		12		0.000249704		23		62563		2.77379
111111111111		11		0		22		62566		2.77062
11111101110101		29		0.185711		42		62408		3.10209
11111101110101		28		0.146608		41		62456		3.1045
11111101110101		27		0.112993		40		62479		3.10553
11111101110101		26		0.0855161		39		62504		3.10578
11111101110101		25		0.0624276		38		62526		3.10624
11111101110101		24		0.0436662		37		62542		3.10885
11111101110101		23		0.0289955		36		62552		3.107
11111101110101		22		0.0186648		35		62556		3.10432
11111101110101		21		0.011297		34		62558		3.10746
11111101110101		20		0.00616046		33		62558		3.10722
11111101110101		19		0.00311011		32		62559		3.10685
11111101110101		18		0.00140275		31		62561		3.1052
11111101110101		17		0.000541606		30		62563		3.10884
11111101110101		16		0.00015172		29		62563		3.10438
11111101110101		15		2.04364e-05		28		62563		3.10654
11111101110101		14		7.70086e-07		27		62563		3.1058
11111101110101		13		0		26		62563		3.10592
1111111001111		29		0.179571		41		62431		2.86595
1111111001111		28		0.139717		40		62467		2.8645
1111111001111		27		0.106811		39		62487		2.86795
1111111001111		26		0.0791882		38		62507		2.86635
1111111001111		25		0.0564434		37		62534		2.86659
1111111001111		24		0.0391113		36		62540		2.86473
1111111001111		23		0.0252337		35		62549		2.86244
1111111001111		22		0.0160467		34		62552		2.86151
1111111001111		21		0.00908558		33		62558		2.86342
1111111001111		20		0.00505256		32		62558		2.86381
1111111001111		19		0.00214574		31		62559		2.86166
1111111001111		18		0.000825375		30		62563		2.8624
1111111001111		17		0.000377941		29		62563		2.86319
1111111001111		16		0.000141022		28		62563		2.86093
1111111001111		15		3.48946e-05		27		62563		2.88412
1111111001111		14		0		26		62563		2.86673
11111111111		30		0.199533		40		62383		2.79084
11111111111		29		0.162377		39		62435		2.79882
11111111111		28		0.130811		38		62480		2.7929
11111111111		27		0.103194		37		62526		2.7904
11111111111		26		0.0747791		36		62533		2.7892
11111111111		25		0.0536848		35		62540		2.79394
11111111111		24		0.0381307		34		62546		2.78687
11111111111		23		0.0265898		33		62554		2.79085
11111111111		22		0.0180556		32		62556		2.80294
11111111111		21		0.0117874		31		62558		2.78717
11111111111		20		0.00726385		30		62560		2.78695
11111111111		19		0.00416138		29		62560		2.78652
11111111111		18		0.0021756		28		62560		2.78791
11111111111		17		0.000957266		27		62561		2.79198
11111111111		16		0		26		62562		2.78709
111001001010011101		28		0.152058		45		62442		3.71338
111001001010011101		27		0.108517		44		62481		3.71458
111001001010011101		26		0.072977		43		62513		3.7185
111001001010011101		25		0.0463193		42		62530		3.71439
111001001010011101		24		0.0268653		41		62542		3.7158
111001001010011101		23		0.0139343		40		62549		3.71792
111001001010011101		22		0.00627834		39		62555		3.71479
111001001010011101		21		0.00227022		38		62560		3.71634
111001001010011101		20		0.000628335		37		62561		3.71339
111001001010011101		19		0.000117661		36		62561		3.7174
111001001010011101		18		1.3037e-05		35		62561		3.71824
111001001010011101		17		7.4332e-07		34		62563		3.71544
111001001010011101		16		0		33		62563		3.72211
1111111000111		31		0.166702		43		62454		3.62527
1111111000111		30		0.12664		42		62478		3.62782
1111111000111		29		0.0905561		41		62500		3.63245
1111111000111		28		0.0623405		40		62528		3.62274
1111111000111		27		0.0430949		39		62538		3.62201
1111111000111		26		0.0282355		38		62547		3.62821
1111111000111		25		0.0155606		37		62556		3.62842
1111111000111		24		0.00857859		36		62556		3.62359
1111111000111		23		0.00489999		35		62559		3.62698
1111111000111		22		0.00156877		34		62560		3.63189
1111111000111		21		0.000377941		33		62563		3.62561
1111111000111		20		0.000141022		32		62563		3.62892
1111111000111		19		3.48946e-05		31		62563		3.62615
1111111000111		18		0		30		62563		3.62456
1111111111		32		0.179006		41		62417		3.48088
1111111111		31		0.142712		40		62513		3.48271
1111111111		30		0.103703		39		62525		3.48173
1111111111		29		0.0741172		38		62537		3.48064
1111111111		28		0.052298		37		62539		3.48569
1111111111		27		0.0363673		36		62547		3.48488
1111111111		26		0.0246807		35		62553		3.48102
1111111111		25		0.0161167		34		62557		3.47977
1111111111		24		0.00990821		33		62559		3.47843
1111111111		23		0.00555353		32		62560		3.47964
1111111111		22		0.00269754		31		62560		3.48353
1111111111		21		0		30		62561		3.47768
