shape		t		lossrate		minCoverage	PM		runtime

1111011010001110011011		2		0.148992		16		59040		6.61436
1111011010001110011011		1		0.0877409		14		70022		6.62818
11101110110001110110001		2		0.182136		16		58857		6.62572
11101110110001110110001		1		0.116075		14		69561		6.63418
1111111111100000111		5		0.19069		22		58921		6.31408
1111111111100000111		4		0.141856		20		59127		6.28337
1111111111100000111		3		0.101896		18		59311		6.30081
1111111111100000111		2		0.0688082		16		60107		6.28644
1111111111100000111		1		0.0437981		14		70640		6.3175
11111111111111		8		0.194879		21		58997		6.33451
11111111111111		7		0.151743		20		59217		6.35699
11111111111111		6		0.113111		19		59379		6.32386
11111111111111		5		0.0802768		18		59533		6.3209
11111111111111		4		0.0533662		17		59734		6.33306
11111111111111		3		0.0326012		16		60212		6.30692
11111111111111		2		0.018011		15		62205		6.31614
11111111111111		1		0.00824647		14		70883		6.36699
110101111001100010111		3		0.162763		17		59006		2.90652
110101111001100010111		2		0.103613		15		59249		2.91019
110101111001100010111		1		0.0603648		13		103072		2.96353
11111111110000111		6		0.157947		22		59092		2.7218
11111111110000111		5		0.116782		21		59257		2.7166
11111111110000111		4		0.0715009		19		59440		2.72856
11111111110000111		3		0.0470093		17		59729		2.7312
11111111110000111		2		0.0283973		15		62598		2.73038
11111111110000111		1		0.0151387		13		108260		2.78563
1111111111111		9		0.171158		21		59142		2.74944
1111111111111		8		0.12908		20		59331		2.75069
1111111111111		7		0.0922594		19		59490		2.75417
1111111111111		6		0.06219		18		59576		2.7409
1111111111111		5		0.0401031		17		59750		2.75513
1111111111111		4		0.0243297		16		60218		2.75457
1111111111111		3		0.0134595		15		62218		2.74355
1111111111111		2		0.0063963		14		70888		2.76327
1111111111111		1		0.002258		13		104355		2.79314
1110100111010011101		5		0.179056		20		59041		2.03611
1110100111010011101		4		0.122262		18		59240		2.03889
1110100111010011101		3		0.0764207		16		59394		2.04108
1110100111010011101		2		0.0474151		14		60103		2.03867
1110100111010011101		1		0.0280041		12		249521		2.26602
11111111100111		9		0.163202		22		59145		1.90007
11111111100111		8		0.120575		21		59321		1.90279
11111111100111		7		0.0846459		20		59455		1.90309
11111111100111		6		0.0553265		19		59546		1.90647
11111111100111		5		0.033502		18		59636		1.90873
11111111100111		4		0.0174105		17		59811		1.90677
11111111100111		3		0.0083442		16		60334		1.90854
11111111100111		2		0.00250179		14		72895		1.92406
11111111100111		1		0.000883721		12		272808		2.15897
111111111111		11		0.186277		22		59145		1.89309
111111111111		10		0.138591		21		59348		1.89353
111111111111		9		0.0968049		20		59439		1.89601
111111111111		8		0.0660563		19		59520		1.90077
111111111111		7		0.0433949		18		59601		1.89761
111111111111		6		0.0271207		17		59765		1.89732
111111111111		5		0.0157748		16		60241		1.90112
111111111111		4		0.00825793		15		62227		1.90037
111111111111		3		0.00366971		14		70893		1.91079
111111111111		2		0.00122715		13		104357		1.95525
111111111111		1		0.000219217		12		242846		2.11174
11111101110101		10		0.172075		23		59139		1.96622
11111101110101		9		0.129381		22		59294		1.96796
11111101110101		8		0.0926103		21		59410		1.96841
11111101110101		7		0.0624247		20		59513		1.97069
11111101110101		6		0.0394678		19		59589		1.96977
11111101110101		5		0.0229606		18		59726		1.96744
11111101110101		4		0.0118383		17		59991		1.97076
11111101110101		3		0.00514273		15		61427		1.97483
11111101110101		2		0.00194542		13		76074		1.99436
11111101110101		1		0.000549102		11		948187		3.06245
1111111001111		11		0.178501		23		59114		1.77863
1111111001111		10		0.132718		22		59273		1.78205
1111111001111		9		0.093256		21		59413		1.78226
1111111001111		8		0.0617798		20		59498		1.78293
1111111001111		7		0.0379028		19		59571		1.78319
1111111001111		6		0.0211378		18		59640		1.78343
1111111001111		5		0.0106679		17		59810		1.7861
1111111001111		4		0.00450365		16		60279		1.78233
1111111001111		3		0.00177079		15		62340		1.78981
1111111001111		2		0.000432477		13		113943		1.85747
1111111001111		1		0.000124638		11		933785		2.83815
11111111111		13		0.192409		23		59230		1.75989
11111111111		12		0.136998		22		59319		1.76112
11111111111		11		0.0954903		21		59402		1.76173
11111111111		10		0.0649895		20		59478		1.76502
11111111111		9		0.0425152		19		59557		1.76235
11111111111		8		0.0263853		18		59626		1.76328
11111111111		7		0.0151947		17		59787		1.76767
11111111111		6		0.00780478		16		60251		1.76408
11111111111		5		0.00334348		15		62239		1.76875
11111111111		4		0.00103188		14		70906		1.77846
11111111111		3		0.000152751		13		104379		1.8283
11111111111		2		0		12		242882		2.0067
111001001010011101		7		0.199583		22		58984		2.20616
111001001010011101		6		0.145426		20		59174		2.21004
111001001010011101		5		0.0988874		18		59303		2.20962
111001001010011101		4		0.0663467		16		59416		2.21156
111001001010011101		3		0.0442905		14		59580		2.21336
111001001010011101		2		0.0288988		12		64016		2.21765
111001001010011101		1		0.0172383		10		3230150		6.0448
1111111000111		12		0.182995		24		59061		2.14506
1111111000111		11		0.136275		23		59239		2.14604
1111111000111		10		0.0963563		22		59377		2.15339
1111111000111		9		0.0655286		21		59457		2.14586
1111111000111		8		0.0419835		20		59532		2.14629
1111111000111		7		0.0248198		19		59598		2.14799
1111111000111		6		0.0133449		18		59672		2.14798
1111111000111		5		0.00665509		17		59848		2.14832
1111111000111		4		0.00304777		16		60418		2.14937
1111111000111		3		0.00113683		14		73418		2.16758
1111111000111		2		0.000432477		12		273848		2.43938
1111111000111		1		0.000124638		10		3563391		6.31619
1111111111		15		0.182822		24		59207		2.11213
1111111111		14		0.128919		23		59302		2.11643
1111111111		13		0.0887547		22		59380		2.11353
1111111111		12		0.0593166		21		59450		2.11545
1111111111		11		0.0377123		20		59525		2.11653
1111111111		10		0.0223834		19		59583		2.12029
1111111111		9		0.0118775		18		59645		2.11875
1111111111		8		0.00507154		17		59809		2.11802
1111111111		7		0.00126812		16		60271		2.11701
1111111111		6		0		15		62261		2.12118
111001001010001011		7		0.174327		21		59066		3.50243
111001001010001011		6		0.120063		19		59209		3.50148
111001001010001011		5		0.0815672		17		59323		3.50243
111001001010001011		4		0.0572978		15		59422		3.49459
111001001010001011		3		0.0407601		13		59780		3.50871
111001001010001011		2		0.0276492		11		90588		3.55883
111001001010001011		1		0.0165865		9		12717050		18.698
111111100011		14		0.185594		25		59111		3.71557
111111100011		13		0.136531		24		59275		3.72061
111111100011		12		0.0962345		23		59372		3.72098
111111100011		11		0.0647168		22		59453		3.72134
111111100011		10		0.04173		21		59502		3.72254
111111100011		9		0.0244838		20		59565		3.72253
111111100011		8		0.0137178		19		59629		3.72294
111111100011		7		0.00737997		18		59710		3.72045
111111100011		6		0.00370352		17		59955		3.72402
111111100011		5		0.00163607		16		60872		3.72514
111111100011		4		0.000586416		15		65009		3.73339
111111100011		3		0.000197044		13		122686		3.82001
111111100011		2		5.73854e-05		11		967671		4.93727
111111100011		1		8.13377e-06		9		14481190		20.3097
111111111		17		0.16574		25		59188		3.52666
111111111		16		0.114597		24		59289		3.5265
111111111		15		0.0766813		23		59368		3.52717
111111111		14		0.0490223		22		59433		3.53139
111111111		13		0.0289679		21		59507		3.52947
111111111		12		0.0144796		20		59559		3.52828
111111111		11		0.00441412		19		59615		3.53059
111111111		10		0		18		59672		3.53314
