shape		t		lossrate		minCoverage		PM		runtime

1111111111		34		0.161174		43		58118		3.3528
1111111111		33		0.122518		42		58317		3.37334
1111111111		32		0.0896816		41		58514		3.37614
1111111111		31		0.0587946		40		58711		3.37983
1111111111		30		0.0245563		39		58856		3.38131
1111111111		29		0		38		58998		3.39416
1111111111		34		0.161174		43		58118		3.52011
1111111111		33		0.122518		42		58317		3.52378
1111111111		32		0.0896816		41		58514		3.54678
1111111111		31		0.0587946		40		58711		3.68614
1111111111		30		0.0245563		39		58856		3.69032
1111111111		29		0		38		58998		3.52799
11111110111		33		0.16636		43		58084		3.52967
11111110111		32		0.128368		42		58298		3.54448
11111110111		31		0.0933477		41		58485		3.5279
11111110111		30		0.0665383		40		58640		3.47172
11111110111		29		0.0466206		39		58792		3.4818
11111110111		28		0.020546		38		58964		3.49446
11111110111		27		0.00426017		37		59055		3.53843
11111110111		26		0.000308592		36		59121		3.5129
11111110111		25		0		35		59193		3.49155
11111111011		33		0.168804		43		58082		3.45891
11111111011		32		0.13039		42		58298		3.47645
11111111011		31		0.0982821		41		58486		3.48
11111111011		30		0.0690504		40		58637		3.47009
11111111011		29		0.0469423		39		58794		3.47531
11111111011		28		0.020546		38		58973		3.47678
11111111011		27		0.00426017		37		59061		3.47365
11111111011		26		0.000308592		36		59121		3.47641
11111111011		25		0		35		59200		3.47726
111111100111		32		0.182654		43		58037		3.5012
111111100111		31		0.138615		42		58267		3.43161
111111100111		30		0.101876		41		58458		3.43607
111111100111		29		0.0748175		40		58613		3.45015
111111100111		28		0.0525681		39		58745		3.45124
111111100111		27		0.034643		38		58890		3.45646
111111100111		26		0.0204874		37		59007		3.4599
111111100111		25		0.00972359		36		59091		3.46211
111111100111		24		0.00380655		35		59165		3.45677
111111100111		23		0.000936207		34		59232		3.45196
111111100111		22		0.00019058		33		59291		3.45233
111111100111		21		0		32		59334		3.45211
111111110011		32		0.181051		43		58053		3.43937
111111110011		31		0.139022		42		58266		3.44521
111111110011		30		0.1072		41		58464		3.46596
111111110011		29		0.078868		40		58617		3.49831
111111110011		28		0.0560931		39		58757		3.49462
111111110011		27		0.0358119		38		58898		3.44732
111111110011		26		0.0209805		37		59017		3.44947
111111110011		25		0.00972359		36		59098		3.45526
111111110011		24		0.00380655		35		59173		3.4532
111111110011		23		0.000936207		34		59244		3.46131
111111110011		22		0.00019058		33		59295		3.47063
111111110011		21		0		32		59339		3.47352
11111111111		32		0.188096		42		58037		2.74724
11111111111		31		0.147102		41		58241		2.75653
11111111111		30		0.112377		40		58411		2.76575
11111111111		29		0.0834736		39		58581		2.76202
11111111111		28		0.0598007		38		58749		2.77602
11111111111		27		0.0383154		37		58900		2.81156
11111111111		26		0.0155393		36		59016		2.81567
11111111111		25		0		35		59121		2.80622
11111111111		32		0.188096		42		58037		2.75138
11111111111		31		0.147102		41		58241		2.75316
11111111111		30		0.112377		40		58411		2.75581
11111111111		29		0.0834736		39		58581		2.75924
11111111111		28		0.0598007		38		58749		2.75866
11111111111		27		0.0383154		37		58900		2.76171
11111111111		26		0.0155393		36		59016		2.76797
11111111111		25		0		35		59121		2.77165
111111110111		31		0.192016		42		58003		2.80694
111111110111		30		0.149912		41		58214		2.82015
111111110111		29		0.115989		40		58407		2.82231
111111110111		28		0.0879673		39		58573		2.8258
111111110111		27		0.0629052		38		58719		2.82661
111111110111		26		0.0437563		37		58863		2.82776
111111110111		25		0.0295499		36		58995		2.83278
111111110111		24		0.0127595		35		59095		2.83247
111111110111		23		0.00262864		34		59170		2.8355
111111110111		22		0.00019058		33		59246		2.83432
111111110111		21		0		32		59298		2.83214
111111111011		31		0.192555		42		58007		2.80106
111111111011		30		0.152157		41		58214		2.80571
111111111011		29		0.117969		40		58416		2.82186
111111111011		28		0.0895464		39		58566		2.82599
111111111011		27		0.0664013		38		58717		2.82633
111111111011		26		0.0455601		37		58869		2.82777
111111111011		25		0.0297884		36		59000		2.83467
111111111011		24		0.0127595		35		59099		2.83376
111111111011		23		0.00262864		34		59176		2.84745
111111111011		22		0.00019058		33		59248		2.88478
111111111011		21		0		32		59302		2.88136
1111111100111		29		0.162186		41		58194		2.78622
1111111100111		28		0.123642		40		58398		2.78828
1111111100111		27		0.0932338		39		58558		2.78927
1111111100111		26		0.0691927		38		58699		2.79371
1111111100111		25		0.0497237		37		58846		2.79515
1111111100111		24		0.0339124		36		58953		2.79601
1111111100111		23		0.0217306		35		59057		2.79813
1111111100111		22		0.0124744		34		59139		2.79975
1111111100111		21		0.0058392		33		59223		2.80069
1111111100111		20		0.00223299		32		59290		2.80027
1111111100111		19		0.000549776		31		59347		2.80053
1111111100111		18		0.000107295		30		59396		2.80278
1111111100111		17		0		29		59451		2.80284
1111111110011		29		0.161233		41		58215		2.78665
1111111110011		28		0.124565		40		58401		2.79007
1111111110011		27		0.0962941		39		58565		2.79109
1111111110011		26		0.073028		38		58702		2.78941
1111111110011		25		0.0526649		37		58855		2.79724
1111111110011		24		0.0364053		36		58960		2.79775
1111111110011		23		0.0225864		35		59069		2.79817
1111111110011		22		0.0128245		34		59150		2.79745
1111111110011		21		0.0058392		33		59238		2.79957
1111111110011		20		0.00223299		32		59294		2.80271
1111111110011		19		0.000549776		31		59346		2.80313
1111111110011		18		0.000107295		30		59405		2.8033
1111111110011		17		0		29		59457		2.80348
111111111111		29		0.16816		40		58168		2.83707
111111111111		28		0.131451		39		58362		2.84001
111111111111		27		0.100614		38		58518		2.84275
111111111111		26		0.0754145		37		58683		2.84502
111111111111		25		0.0550813		36		58834		2.84674
111111111111		24		0.0385164		35		58965		2.84957
111111111111		23		0.0237725		34		59067		2.85102
111111111111		22		0.00921556		33		59164		2.85088
111111111111		21		0		32		59251		2.8534
111111111111		29		0.16816		40		58168		2.84467
111111111111		28		0.131451		39		58362		2.85137
111111111111		27		0.100614		38		58518		2.85345
111111111111		26		0.0754145		37		58683		2.86353
111111111111		25		0.0550813		36		58834		2.90421
111111111111		24		0.0385164		35		58965		2.90739
111111111111		23		0.0237725		34		59067		2.89694
111111111111		22		0.00921556		33		59164		2.86089
111111111111		21		0		32		59251		2.86033
1111111110111		28		0.169617		40		58154		2.88173
1111111110111		27		0.132462		39		58369		2.88535
1111111110111		26		0.102705		38		58518		2.89253
1111111110111		25		0.0783173		37		58692		2.89614
1111111110111		24		0.0583529		36		58825		2.8947
1111111110111		23		0.0406528		35		58952		2.89612
1111111110111		22		0.027225		34		59057		2.8993
1111111110111		21		0.0174708		33		59139		2.89859
1111111110111		20		0.00730641		32		59231		2.90097
1111111110111		19		0.00148397		31		59311		2.90136
1111111110111		18		0.000107295		30		59359		2.90053
1111111110111		17		0		29		59423		2.90282
1111111111011		28		0.170363		40		58163		3.19684
1111111111011		27		0.134383		39		58367		3.22061
1111111111011		26		0.104429		38		58517		3.22003
1111111111011		25		0.0798302		37		58692		3.21383
1111111111011		24		0.0595768		36		58823		3.20486
1111111111011		23		0.043089		35		58954		3.21985
1111111111011		22		0.0284777		34		59062		3.21193
1111111111011		21		0.0176391		33		59146		3.24882
1111111111011		20		0.00730641		32		59236		3.54399
1111111111011		19		0.00148397		31		59314		3.26804
1111111111011		18		0.000107295		30		59367		3.23663
1111111111011		17		0		29		59426		3.24429
11111111100111		27		0.185758		40		58137		2.93672
11111111100111		26		0.141688		39		58350		2.932
11111111100111		25		0.108188		38		58534		2.93964
11111111100111		24		0.0819401		37		58666		2.934
11111111100111		23		0.0620467		36		58815		2.9056
11111111100111		22		0.0450053		35		58939		2.90283
11111111100111		21		0.0313562		34		59035		2.90308
11111111100111		20		0.0205444		33		59121		2.90994
11111111100111		19		0.01266		32		59213		2.9139
11111111100111		18		0.00697709		31		59286		2.92198
11111111100111		17		0.00318894		30		59360		2.92136
11111111100111		16		0.00117812		29		59423		2.93858
11111111100111		15		0.000287476		28		59471		3.03696
11111111100111		14		5.2694e-05		27		59511		3.02823
11111111100111		13		0		26		59556		3.02223
11111111110011		27		0.180241		40		58171		3.1628
11111111110011		26		0.141079		39		58365		3.17209
11111111110011		25		0.109235		38		58531		3.18201
11111111110011		24		0.0848271		37		58674		3.18998
11111111110011		23		0.0644262		36		58816		3.26737
11111111110011		22		0.0477424		35		58949		3.23119
11111111110011		21		0.0334281		34		59039		3.17403
11111111110011		20		0.0222366		33		59132		3.2875
11111111110011		19		0.0132554		32		59220		3.28987
11111111110011		18		0.00721165		31		59301		3.26941
11111111110011		17		0.00318894		30		59365		3.29596
11111111110011		16		0.00117812		29		59425		3.28835
11111111110011		15		0.000287476		28		59478		3.27323
11111111110011		14		5.2694e-05		27		59514		3.2546
11111111110011		13		0		26		59557		3.30199
1111111111111		27		0.185815		39		58124		4.50623
1111111111111		26		0.147267		38		58305		5.70487
1111111111111		25		0.114802		37		58497		5.63845
1111111111111		24		0.0881691		36		58651		4.9833
1111111111111		23		0.0665368		35		58820		5.52177
1111111111111		22		0.0489676		34		58933		5.80175
1111111111111		21		0.0347819		33		59043		5.4627
1111111111111		20		0.0233642		32		59132		6.14576
1111111111111		19		0.0136698		31		59228		5.45271
1111111111111		18		0.00499389		30		59315		5.78387
1111111111111		17		0		29		59384		5.7133
1111111111111		27		0.185815		39		58124		4.22467
1111111111111		26		0.147267		38		58305		4.201
1111111111111		25		0.114802		37		58497		3.80123
1111111111111		24		0.0881691		36		58651		3.79306
1111111111111		23		0.0665368		35		58820		3.8043
1111111111111		22		0.0489676		34		58933		3.79732
1111111111111		21		0.0347819		33		59043		3.78278
1111111111111		20		0.0233642		32		59132		3.79594
1111111111111		19		0.0136698		31		59228		3.80673
1111111111111		18		0.00499389		30		59315		3.81532
1111111111111		17		0		29		59384		3.87075
11111111110111		26		0.190115		39		58131		3.78441
11111111110111		25		0.146928		38		58332		3.81265
11111111110111		24		0.114771		37		58502		3.76948
11111111110111		23		0.08924		36		58662		3.76581
11111111110111		22		0.0681134		35		58808		3.77415
11111111110111		21		0.05082		34		58936		3.77735
11111111110111		20		0.0368101		33		59042		3.78761
11111111110111		19		0.0246754		32		59132		3.78398
11111111110111		18		0.015679		31		59220		3.78084
11111111110111		17		0.00941642		30		59301		3.79347
11111111110111		16		0.00375637		29		59384		3.78647
11111111110111		15		0.000741381		28		59441		3.78567
11111111110111		14		5.2694e-05		27		59486		3.78725
11111111110111		13		0		26		59534		3.78327
11111111111011		26		0.186612		39		58151		3.80264
11111111111011		25		0.147768		38		58328		4.08691
11111111111011		24		0.11646		37		58514		4.10545
11111111111011		23		0.0906787		36		58654		4.11868
11111111111011		22		0.069449		35		58807		4.11156
11111111111011		21		0.0520073		34		58941		4.14052
11111111111011		20		0.0377372		33		59041		4.13503
11111111111011		19		0.0263085		32		59135		4.13712
11111111111011		18		0.0165068		31		59226		4.14985
11111111111011		17		0.00952804		30		59305		4.13625
11111111111011		16		0.00375637		29		59391		4.1577
11111111111011		15		0.000741381		28		59444		4.25612
11111111111011		14		5.2694e-05		27		59489		4.26336
11111111111011		13		0		26		59536		4.12172
111111111100111		24		0.158776		38		58316		3.82259
111111111100111		23		0.121348		37		58511		3.82542
111111111100111		22		0.0929216		36		58659		3.83021
111111111100111		21		0.070378		35		58806		3.8373
111111111100111		20		0.0532175		34		58929		3.84764
111111111100111		19		0.039187		33		59032		3.83505
111111111100111		18		0.027494		32		59129		3.84057
111111111100111		17		0.0183553		31		59200		3.83693
111111111100111		16		0.0113956		30		59288		3.8297
111111111100111		15		0.00664674		29		59382		3.83253
111111111100111		14		0.00345202		28		59435		3.83506
111111111100111		13		0.00151346		27		59490		3.835
111111111100111		12		0.000528052		26		59536		3.84298
111111111100111		11		0.000125294		25		59580		3.84862
111111111100111		10		2.07038e-05		24		59627		3.85234
111111111100111		9		0		23		59659		3.84945
111111111110011		25		0.198753		39		58115		3.7536
111111111110011		24		0.155015		38		58344		3.7715
111111111110011		23		0.121249		37		58514		3.77207
111111111110011		22		0.0939643		36		58658		3.77083
111111111110011		21		0.0728879		35		58807		3.75877
111111111110011		20		0.0554573		34		58941		3.76603
111111111110011		19		0.0410047		33		59034		3.76273
111111111110011		18		0.0293869		32		59127		3.79399
111111111110011		17		0.0197562		31		59214		3.83112
111111111110011		16		0.0124806		30		59297		3.84397
111111111110011		15		0.00703401		29		59387		3.83224
111111111110011		14		0.00359627		28		59443		3.78248
111111111110011		13		0.00151346		27		59489		3.79855
111111111110011		12		0.000528052		26		59540		3.7917
111111111110011		11		0.000125294		25		59582		3.80519
111111111110011		10		2.07038e-05		24		59628		3.79857
111111111110011		9		0		23		59660		3.80363
11111111111111		24		0.160007		37		58280		6.73281
11111111111111		23		0.12613		36		58480		6.75917
11111111111111		22		0.0983443		35		58651		6.77229
11111111111111		21		0.0757098		34		58795		6.80395
11111111111111		20		0.0571945		33		58938		6.793
11111111111111		19		0.0421403		32		59034		6.98736
11111111111111		18		0.0300685		31		59130		6.93667
11111111111111		17		0.0205046		30		59227		6.8279
11111111111111		16		0.0130235		29		59314		6.80943
11111111111111		15		0.00709835		28		59387		6.81646
11111111111111		14		0.00240238		27		59448		6.74485
11111111111111		13		0		26		59510		6.7776
11111111111111		24		0.160007		37		58280		6.71061
11111111111111		23		0.12613		36		58480		6.92728
11111111111111		22		0.0983443		35		58651		6.74519
11111111111111		21		0.0757098		34		58795		6.70926
11111111111111		20		0.0571945		33		58938		6.68888
11111111111111		19		0.0421403		32		59034		6.69089
11111111111111		18		0.0300685		31		59130		6.69368
11111111111111		17		0.0205046		30		59227		6.75954
11111111111111		16		0.0130235		29		59314		6.8968
11111111111111		15		0.00709835		28		59387		6.74595
11111111111111		14		0.00240238		27		59448		6.70643
11111111111111		13		0		26		59510		6.7348
111111111110111		23		0.161681		37		58330		6.782
111111111110111		22		0.124964		36		58489		6.75253
111111111110111		21		0.0976244		35		58658		6.75336
111111111110111		20		0.0757772		34		58800		6.77166
111111111110111		19		0.0577326		33		58938		6.75883
111111111110111		18		0.0429213		32		59042		6.75557
111111111110111		17		0.0310269		31		59135		6.7666
111111111110111		16		0.0215695		30		59232		6.76554
111111111110111		15		0.0136692		29		59311		6.77649
111111111110111		14		0.00808653		28		59384		6.78402
111111111110111		13		0.004428		27		59452		6.79501
111111111110111		12		0.00163486		26		59509		6.79094
111111111110111		11		0.000304662		25		59558		6.85719
111111111110111		10		2.07038e-05		24		59601		6.84859
111111111110111		9		0		23		59648		6.85553
111111111111011		23		0.159281		37		58331		8.95922
111111111111011		22		0.125833		36		58495		8.87071
111111111111011		21		0.0991162		35		58651		7.82477
111111111111011		20		0.077063		34		58799		7.5351
111111111111011		19		0.0588559		33		58936		7.35216
111111111111011		18		0.04396		32		59041		7.43232
111111111111011		17		0.0319193		31		59138		7.30141
111111111111011		16		0.0222487		30		59232		7.69288
111111111111011		15		0.0147118		29		59318		7.73672
111111111111011		14		0.00859597		28		59391		7.94162
111111111111011		13		0.0044956		27		59452		7.43931
111111111111011		12		0.00163486		26		59511		7.49334
111111111111011		11		0.000304662		25		59557		7.49793
111111111111011		10		2.07038e-05		24		59603		6.7849
111111111111011		9		0		23		59648		6.7535
1111111111100111		22		0.169819		37		58292		10.9133
1111111111100111		21		0.133147		36		58488		9.1786
1111111111100111		20		0.101801		35		58663		10.7252
1111111111100111		19		0.0777959		34		58802		11.7292
1111111111100111		18		0.0588921		33		58938		11.8031
1111111111100111		17		0.0441978		32		59037		12.6936
1111111111100111		16		0.032336		31		59136		9.68172
1111111111100111		15		0.0228443		30		59224		9.74338
1111111111100111		14		0.0152636		29		59310		10.9213
1111111111100111		13		0.00957346		28		59380		9.13475
1111111111100111		12		0.00550244		27		59456		10.7674
1111111111100111		11		0.00294376		26		59506		7.15014
1111111111100111		10		0.00138876		25		59561		7.03395
1111111111100111		9		0.000561868		24		59616		7.14285
1111111111100111		8		0.000176731		23		59651		7.87642
1111111111100111		7		3.92398e-05		22		59694		9.15864
1111111111100111		6		5.27145e-06		21		59731		8.20494
1111111111100111		5		0		20		59768		8.20749
1111111111110011		22		0.167871		37		58318		11.1933
1111111111110011		21		0.130842		36		58499		8.76
1111111111110011		20		0.102147		35		58663		9.41161
1111111111110011		19		0.0790095		34		58808		8.74446
1111111111110011		18		0.0609807		33		58935		10.7762
1111111111110011		17		0.0461269		32		59036		10.6047
1111111111110011		16		0.0340317		31		59138		10.9613
1111111111110011		15		0.0242014		30		59234		10.7478
1111111111110011		14		0.0165133		29		59312		10.2309
1111111111110011		13		0.0104615		28		59389		7.98683
1111111111110011		12		0.00612685		27		59456		8.04563
1111111111110011		11		0.00316896		26		59505		8.21424
1111111111110011		10		0.00146451		25		59563		8.09238
1111111111110011		9		0.000561868		24		59617		10.0242
1111111111110011		8		0.000176731		23		59653		9.33035
1111111111110011		7		3.92398e-05		22		59697		12.9398
1111111111110011		6		5.27145e-06		21		59732		9.43769
1111111111110011		5		0		20		59770		9.81806
