shape		t		lossrate		minCoverage	PM		runtime

1111011010001110011011		24		0.188183		45		71983		8.50654
1111011010001110011011		23		0.154289		44		71983		8.55033
1111011010001110011011		22		0.123477		43		71986		8.58682
1111011010001110011011		21		0.0959651		42		71986		8.57419
1111011010001110011011		20		0.0720255		41		71986		8.54704
1111011010001110011011		19		0.0519191		40		71986		8.52904
1111011010001110011011		18		0.0357057		39		71988		8.51091
1111011010001110011011		17		0.0232299		38		71988		8.507
1111011010001110011011		16		0.0141495		37		71988		8.53068
1111011010001110011011		15		0.00797522		36		71988		8.57251
1111011010001110011011		14		0.00409969		35		71988		8.50894
1111011010001110011011		13		0.00189107		34		71988		8.52531
1111011010001110011011		12		0.000768043		33		71988		8.47373
1111011010001110011011		11		0.000269507		32		71988		8.52517
1111011010001110011011		10		7.96978e-05		31		71988		8.57084
1111011010001110011011		9		1.92463e-05		30		71988		8.53513
1111011010001110011011		8		3.64325e-06		28		71988		8.58772
1111011010001110011011		7		5.25608e-07		26		71988		8.539
1111011010001110011011		6		5.45423e-08		24		71988		8.50952
1111011010001110011011		5		4.49672e-09		22		71988		8.51492
1111011010001110011011		4		7.42868e-11		20		71988		8.54758
1111011010001110011011		3		0		18		71988		8.52357
11101110110001110110001		24		0.184529		46		71982		8.42564
11101110110001110110001		23		0.152694		45		71983		8.4808
11101110110001110110001		22		0.123823		44		71983		8.47027
11101110110001110110001		21		0.0981176		43		71983		8.51289
11101110110001110110001		20		0.0757225		42		71986		8.50251
11101110110001110110001		19		0.056702		41		71986		8.50753
11101110110001110110001		18		0.0410255		40		71986		8.49259
11101110110001110110001		17		0.0285589		39		71988		8.41677
11101110110001110110001		16		0.0190364		38		71988		8.49089
11101110110001110110001		15		0.0120774		37		71988		8.47597
11101110110001110110001		14		0.00723838		36		71988		8.50269
11101110110001110110001		13		0.00406309		35		71988		8.49248
11101110110001110110001		12		0.00211474		34		71988		8.47538
11101110110001110110001		11		0.00101001		33		71988		8.4279
11101110110001110110001		10		0.000436932		32		71988		8.4275
11101110110001110110001		9		0.000168653		30		71988		8.4185
11101110110001110110001		8		5.67964e-05		28		71988		8.43493
11101110110001110110001		7		1.61279e-05		26		71988		8.50368
11101110110001110110001		6		3.69589e-06		24		71988		8.47965
11101110110001110110001		5		6.4837e-07		22		71988		8.50667
11101110110001110110001		4		8.33561e-08		20		71988		8.44956
11101110110001110110001		3		6.76792e-09		18		71988		8.49396
11101110110001110110001		2		4.11038e-12		16		72031		8.4634
11101110110001110110001		1		0		14		109572		8.69001
1111111111100000111		25		0.17988		43		71983		8.06181
1111111111100000111		24		0.151044		42		71985		8.04203
1111111111100000111		23		0.124745		41		71985		8.01041
1111111111100000111		22		0.101111		40		71986		7.90989
1111111111100000111		21		0.0803231		39		71986		7.92358
1111111111100000111		20		0.0624214		38		71988		7.92978
1111111111100000111		19		0.0473442		37		71988		7.93681
1111111111100000111		18		0.0349056		36		71988		7.93246
1111111111100000111		17		0.0248657		35		71988		7.98303
1111111111100000111		16		0.0170042		34		71988		7.96646
1111111111100000111		15		0.011079		33		71988		8.01622
1111111111100000111		14		0.00689623		32		71988		8.03313
1111111111100000111		13		0.00406318		31		71988		8.00398
1111111111100000111		12		0.0022379		30		71988		8.00535
1111111111100000111		11		0.0011474		29		71988		7.99047
1111111111100000111		10		0.000536639		28		71988		8.04169
1111111111100000111		9		0.000234733		27		71988		8.00345
1111111111100000111		8		9.33436e-05		26		71988		8.01498
1111111111100000111		7		3.26455e-05		25		71988		8.01805
1111111111100000111		6		1.01217e-05		24		71988		8.02996
1111111111100000111		5		2.45146e-06		22		71988		8.01584
1111111111100000111		4		5.03005e-07		20		72000		7.94437
1111111111100000111		3		7.24914e-08		18		72141		7.951
1111111111100000111		2		6.38585e-09		16		74343		8.02184
1111111111100000111		1		3.36888e-10		14		108832		8.19143
11111111111111		26		0.196629		39		71985		7.89164
11111111111111		25		0.169859		38		71986		7.93207
11111111111111		24		0.145484		37		71986		7.91343
11111111111111		23		0.123366		36		71986		7.97592
11111111111111		22		0.103455		35		71986		8.03549
11111111111111		21		0.0857491		34		71988		7.98099
11111111111111		20		0.0702209		33		71988		7.95695
11111111111111		19		0.0567821		32		71988		8.00991
11111111111111		18		0.0452952		31		71988		7.97724
11111111111111		17		0.035585		30		71988		7.96941
11111111111111		16		0.0274976		29		71988		8.00217
11111111111111		15		0.020867		28		71988		7.97632
11111111111111		14		0.0155287		27		71988		8.01891
11111111111111		13		0.0113171		26		71988		7.97835
11111111111111		12		0.00806835		25		71988		7.99549
11111111111111		11		0.00561354		24		71988		8.00367
11111111111111		10		0.00379834		23		71988		7.94303
11111111111111		9		0.0024879		22		71992		7.99925
11111111111111		8		0.00156931		21		71992		8.00898
11111111111111		7		0.000946811		20		71999		8.01198
11111111111111		6		0.000541679		19		72003		8.01358
11111111111111		5		0.000290011		18		72099		7.99987
11111111111111		4		0.000142344		17		72475		8.01107
11111111111111		3		6.19131e-05		16		73850		7.99545
11111111111111		2		2.23657e-05		15		79710		8.022
11111111111111		1		5.66172e-06		14		104923		8.08681
110101111001100010111		26		0.175601		46		71986		5.14138
110101111001100010111		25		0.142308		45		71986		5.15903
110101111001100010111		24		0.112456		44		71986		5.15328
110101111001100010111		23		0.0862879		43		71986		5.14319
110101111001100010111		22		0.0639488		42		71986		5.16265
110101111001100010111		21		0.0454761		41		71988		5.14365
110101111001100010111		20		0.0308056		40		71988		5.15637
110101111001100010111		19		0.0197153		39		71988		5.13515
110101111001100010111		18		0.0118021		38		71988		5.1652
110101111001100010111		17		0.00652791		37		71988		5.1436
110101111001100010111		16		0.00328867		36		71988		5.1482
110101111001100010111		15		0.00148776		35		71988		5.16501
110101111001100010111		14		0.000595467		34		71988		5.14496
110101111001100010111		13		0.00020685		33		71988		5.14655
110101111001100010111		12		6.04104e-05		32		71988		5.15613
110101111001100010111		11		1.41052e-05		31		71988		5.13319
110101111001100010111		10		2.45207e-06		30		71988		5.16316
110101111001100010111		9		2.88396e-07		29		71988		5.12865
110101111001100010111		8		1.98502e-08		27		71988		5.14085
110101111001100010111		7		5.32181e-10		25		71988		5.14702
110101111001100010111		6		0		23		71988		5.13911
11111111110000111		28		0.189431		44		71986		4.76615
11111111110000111		27		0.159094		43		71986		4.75795
11111111110000111		26		0.131591		42		71986		4.76103
11111111110000111		25		0.106964		41		71986		4.779
11111111110000111		24		0.085357		40		71986		4.75921
11111111110000111		23		0.0667468		39		71988		4.74705
11111111110000111		22		0.0509811		38		71988		4.76265
11111111110000111		21		0.0379599		37		71988		4.75408
11111111110000111		20		0.027444		36		71988		4.77039
11111111110000111		19		0.0191586		35		71988		4.77679
11111111110000111		18		0.0128797		34		71988		4.77991
11111111110000111		17		0.00827959		33		71988		4.80294
11111111110000111		16		0.00502217		32		71988		4.7698
11111111110000111		15		0.00284999		31		71988		4.79626
11111111110000111		14		0.00148934		30		71988		4.78191
11111111110000111		13		0.000714085		29		71988		4.76508
11111111110000111		12		0.000315864		28		71988		4.77428
11111111110000111		11		0.000126817		27		71988		4.79296
11111111110000111		10		4.24183e-05		26		71988		4.79202
11111111110000111		9		1.07146e-05		25		71988		4.75735
11111111110000111		8		1.96134e-06		24		71988		4.78088
11111111110000111		7		2.24384e-07		23		71988		4.76501
11111111110000111		6		1.10991e-08		22		71992		4.77495
11111111110000111		5		2.13751e-10		21		71992		4.77135
11111111110000111		4		0		19		72012		4.77195
1111111111111		28		0.178654		40		71986		4.69897
1111111111111		27		0.15262		39		71986		4.64343
1111111111111		26		0.129026		38		71986		4.6939
1111111111111		25		0.107777		37		71986		4.68208
1111111111111		24		0.0889591		36		71986		4.67694
1111111111111		23		0.07254		35		71988		4.66057
1111111111111		22		0.058397		34		71988		4.68603
1111111111111		21		0.0463602		33		71988		4.66416
1111111111111		20		0.0362432		32		71988		4.68463
1111111111111		19		0.0278552		31		71988		4.69301
1111111111111		18		0.0210135		30		71988		4.66995
1111111111111		17		0.0155496		29		71988		4.68343
1111111111111		16		0.0112866		28		71988		4.66313
1111111111111		15		0.00803015		27		71988		4.67648
1111111111111		14		0.0055835		26		71988		4.64677
1111111111111		13		0.00378071		25		71988		4.70034
1111111111111		12		0.00248665		24		71988		4.6682
1111111111111		11		0.00158483		23		71988		4.66753
1111111111111		10		0.000974547		22		71992		4.69745
1111111111111		9		0.000574614		21		71992		4.65934
1111111111111		8		0.000322391		20		71999		4.67807
1111111111111		7		0.000170443		19		72003		4.67545
1111111111111		6		8.3882e-05		18		72099		4.6631
1111111111111		5		3.78273e-05		17		72475		4.70394
1111111111111		4		1.52766e-05		16		73850		4.63855
1111111111111		3		5.30695e-06		15		79718		4.72476
1111111111111		2		1.45843e-06		14		104923		4.83953
1111111111111		1		2.51758e-07		13		203193		5.24298
1110100111010011101		29		0.177247		47		71985		5.07886
1110100111010011101		28		0.144024		46		71985		3.94653
1110100111010011101		27		0.114468		45		71986		4.76419
1110100111010011101		26		0.0887281		44		71986		4.69516
1110100111010011101		25		0.0668273		43		71986		5.60925
1110100111010011101		24		0.0486972		42		71988		5.74459
1110100111010011101		23		0.0341367		41		71988		5.35888
1110100111010011101		22		0.0228756		40		71988		7.07921
1110100111010011101		21		0.0145295		39		71988		6.30361
1110100111010011101		20		0.00866779		38		71988		5.74148
1110100111010011101		19		0.00478772		37		71988		6.89267
1110100111010011101		18		0.00241057		36		71988		7.54978
1110100111010011101		17		0.00108249		35		71988		5.57619
1110100111010011101		16		0.000422285		34		71988		5.80714
1110100111010011101		15		0.00013756		33		71988		6.15119
1110100111010011101		14		3.52176e-05		32		71988		6.18124
1110100111010011101		13		6.39127e-06		31		71988		6.22801
1110100111010011101		12		6.77635e-07		30		71988		7.59998
1110100111010011101		11		2.686e-08		29		71988		7.35419
1110100111010011101		10		7.43032e-11		28		71988		4.75984
1110100111010011101		9		0		27		71988		4.55706
11111111100111		31		0.187518		44		71986		6.66091
11111111100111		30		0.157236		43		71986		6.67605
11111111100111		29		0.129931		42		71986		4.68517
11111111100111		28		0.105673		41		71986		3.50237
11111111100111		27		0.0845166		40		71986		3.49379
11111111100111		26		0.0663848		39		71986		4.20964
11111111100111		25		0.051097		38		71988		4.26297
11111111100111		24		0.0384797		37		71988		6.63354
11111111100111		23		0.0282924		36		71988		5.84786
11111111100111		22		0.0202649		35		71988		4.25362
11111111100111		21		0.0141012		34		71988		6.64893
11111111100111		20		0.00949715		33		71988		5.84631
11111111100111		19		0.0061621		32		71988		3.49364
11111111100111		18		0.00382924		31		71988		3.52536
11111111100111		17		0.00226153		30		71988		4.25172
11111111100111		16		0.00125616		29		71988		6.52151
11111111100111		15		0.000647103		28		71988		6.62759
11111111100111		14		0.000303452		27		71988		6.64849
11111111100111		13		0.00012521		26		71988		6.67455
11111111100111		12		4.28198e-05		25		71988		6.69188
11111111100111		11		1.10551e-05		24		71988		6.69919
11111111100111		10		1.77678e-06		23		71988		6.67528
11111111100111		9		1.48599e-07		22		71992		5.74024
11111111100111		8		1.62771e-09		21		71992		3.79445
11111111100111		7		0		20		72000		3.7837
111111111111		31		0.182851		42		71986		4.14072
111111111111		30		0.155134		41		71986		4.14302
111111111111		29		0.130084		40		71986		4.12647
111111111111		28		0.107729		39		71986		4.13792
111111111111		27		0.0881049		38		71986		4.12603
111111111111		26		0.07114		37		71986		4.11794
111111111111		25		0.0566496		36		71988		4.12263
111111111111		24		0.0444432		35		71988		4.13021
111111111111		23		0.0342767		34		71988		4.11618
111111111111		22		0.0259375		33		71988		4.10797
111111111111		21		0.0192407		32		71988		4.02557
111111111111		20		0.0140009		31		71988		4.10119
111111111111		19		0.0099866		30		71988		4.14635
111111111111		18		0.00697646		29		71988		4.07974
111111111111		17		0.00475977		28		71988		4.11651
111111111111		16		0.00316443		27		71988		4.11256
111111111111		15		0.00204496		26		71988		4.14052
111111111111		14		0.00128033		25		71988		4.08797
111111111111		13		0.000772854		24		71988		4.11007
111111111111		12		0.000447289		23		71988		4.14231
111111111111		11		0.000246444		22		71992		4.11442
111111111111		10		0.000128425		21		71992		4.09581
111111111111		9		6.29569e-05		20		71999		4.03308
111111111111		8		2.88819e-05		19		72003		4.13264
111111111111		7		1.22801e-05		18		72099		3.98147
111111111111		6		4.72997e-06		17		72481		4.14215
111111111111		5		1.59517e-06		16		73858		4.06478
111111111111		4		4.48236e-07		15		79723		3.96772
111111111111		3		9.67696e-08		14		104926		4.01978
111111111111		2		1.38143e-08		13		203211		4.52151
111111111111		1		9.20703e-10		12		597174		5.83477
11111101110101		34		0.19223		47		71986		4.45495
11111101110101		33		0.159199		46		71986		4.44299
11111101110101		32		0.129677		45		71986		4.44953
11111101110101		31		0.103724		44		71986		4.49501
11111101110101		30		0.0813493		43		71988		4.40703
11111101110101		29		0.062452		42		71988		4.4464
11111101110101		28		0.046835		41		71988		4.45113
11111101110101		27		0.0342259		40		71988		4.48205
11111101110101		26		0.0243089		39		71988		4.3773
11111101110101		25		0.0167376		38		71988		4.17868
11111101110101		24		0.0111327		37		71988		4.22681
11111101110101		23		0.00711709		36		71988		4.18834
11111101110101		22		0.00434343		35		71988		4.15585
11111101110101		21		0.00250872		34		71988		4.16904
11111101110101		20		0.00135763		33		71988		4.19302
11111101110101		19		0.00067888		32		71988		4.14258
11111101110101		18		0.000306969		31		71988		4.16147
11111101110101		17		0.000121151		30		71988		4.2446
11111101110101		16		3.91384e-05		29		71988		4.15236
11111101110101		15		9.02132e-06		28		71988		4.32853
11111101110101		14		1.06656e-06		27		71988		4.47145
11111101110101		13		2.88352e-08		26		71988		4.38671
11111101110101		12		0		25		71988		4.15982
1111111001111		34		0.190269		46		71986		3.8243
1111111001111		33		0.157359		45		71986		3.7936
1111111001111		32		0.127947		44		71986		3.84035
1111111001111		31		0.102072		43		71986		3.81055
1111111001111		30		0.0797925		42		71986		3.80417
1111111001111		29		0.0610421		41		71986		3.81275
1111111001111		28		0.0456338		40		71988		3.80607
1111111001111		27		0.033234		39		71988		3.82253
1111111001111		26		0.0235025		38		71988		3.82755
1111111001111		25		0.0160879		37		71988		3.79751
1111111001111		24		0.0106312		36		71988		3.71698
1111111001111		23		0.00675171		35		71988		3.71839
1111111001111		22		0.00409681		34		71988		3.70357
1111111001111		21		0.00235529		33		71988		3.80687
1111111001111		20		0.00127254		32		71988		3.82943
1111111001111		19		0.000638196		31		71988		3.8233
1111111001111		18		0.000292688		30		71988		3.83019
1111111001111		17		0.000119507		29		71988		3.81793
1111111001111		16		4.24136e-05		28		71988		3.79842
1111111001111		15		1.24326e-05		27		71988		3.82211
1111111001111		14		2.72215e-06		26		71988		3.86976
1111111001111		13		3.96038e-07		25		71988		3.81033
1111111001111		12		3.57567e-08		24		71988		3.82474
1111111001111		11		1.78024e-09		23		71988		3.83449
1111111001111		10		0		22		71992		3.83094
11111111111		34		0.180676		44		71984		3.554
11111111111		33		0.151286		43		71986		3.61508
11111111111		32		0.125186		42		71986		3.55062
11111111111		31		0.102244		41		71986		3.55178
11111111111		30		0.0823597		40		71986		3.58598
11111111111		29		0.0653566		39		71988		3.56439
11111111111		28		0.0510484		38		71988		3.644
11111111111		27		0.0391644		37		71988		3.64401
11111111111		26		0.0294325		36		71988		3.60728
11111111111		25		0.0216048		35		71988		3.6226
11111111111		24		0.0155255		34		71988		3.5632
11111111111		23		0.0109427		33		71988		3.58296
11111111111		22		0.00755809		32		71988		3.57626
11111111111		21		0.00510188		31		71988		3.55923
11111111111		20		0.00335254		30		71988		3.58433
11111111111		19		0.0021366		29		71988		3.57993
11111111111		18		0.00131477		28		71988		3.5873
11111111111		17		0.000777478		27		71988		3.5974
11111111111		16		0.000438945		26		71988		3.59854
11111111111		15		0.000234756		25		71988		3.58422
11111111111		14		0.000119587		24		71988		3.5749
11111111111		13		5.76887e-05		23		71988		3.63514
11111111111		12		2.61128e-05		22		71992		3.58778
11111111111		11		1.08961e-05		21		71992		3.58922
11111111111		10		4.07602e-06		20		71999		3.5767
11111111111		9		1.31022e-06		19		72003		3.78146
11111111111		8		3.38629e-07		18		72105		3.7617
11111111111		7		6.21616e-08		17		72489		3.57528
11111111111		6		5.98936e-09		16		73866		3.6164
11111111111		5		0		15		79727		3.60955
111001001010011101		35		0.195669		52		71984		4.89752
111001001010011101		34		0.154528		51		71986		4.90149
111001001010011101		33		0.118526		50		71988		4.88063
111001001010011101		32		0.087925		49		71988		4.90813
111001001010011101		31		0.0627523		48		71988		4.91851
111001001010011101		30		0.0428275		47		71988		4.88775
111001001010011101		29		0.0277281		46		71988		4.93727
111001001010011101		28		0.0168754		45		71988		4.88491
111001001010011101		27		0.00955277		44		71988		4.92975
111001001010011101		26		0.00496233		43		71988		4.91948
111001001010011101		25		0.00233242		42		71988		4.88291
111001001010011101		24		0.000971218		41		71988		4.89763
111001001010011101		23		0.000350901		40		71988		4.91231
111001001010011101		22		0.000107871		39		71988		4.90313
111001001010011101		21		2.71123e-05		38		71988		4.91585
111001001010011101		20		5.18647e-06		37		71988		4.91017
111001001010011101		19		7.0795e-07		36		71988		4.88759
111001001010011101		18		6.30918e-08		35		71988		4.89494
111001001010011101		17		3.26115e-09		34		71988		4.90124
111001001010011101		16		5.51177e-11		33		71988		4.90704
111001001010011101		15		0		32		71988		4.88847
1111111000111		37		0.186266		49		71986		4.63955
1111111000111		36		0.150697		48		71986		4.63797
1111111000111		35		0.119379		47		71986		4.63985
1111111000111		34		0.0923872		46		71986		4.61956
1111111000111		33		0.0696304		45		71986		4.64633
1111111000111		32		0.0511163		44		71986		4.643
1111111000111		31		0.0364949		43		71988		4.63944
1111111000111		30		0.025117		42		71988		4.63227
1111111000111		29		0.0166487		41		71988		4.64028
1111111000111		28		0.0105761		40		71988		4.6287
1111111000111		27		0.00637863		39		71988		4.63799
1111111000111		26		0.00365285		38		71988		4.6285
1111111000111		25		0.00196168		37		71988		4.62964
1111111000111		24		0.000964529		36		71988		4.63179
1111111000111		23		0.000432231		35		71988		4.61994
1111111000111		22		0.000172557		34		71988		4.62349
1111111000111		21		5.46319e-05		33		71988		4.63152
1111111000111		20		1.37717e-05		32		71988		4.64467
1111111000111		19		2.85204e-06		31		71988		4.62848
1111111000111		18		2.79491e-07		30		71988		4.60829
1111111000111		17		1.0233e-08		29		71988		4.63356
1111111000111		16		3.49699e-10		28		71988		4.62717
1111111000111		15		0		27		71988		4.63041
1111111111		37		0.169819		46		71984		4.44054
1111111111		36		0.139563		45		71986		4.46346
1111111111		35		0.113197		44		71986		4.45187
1111111111		34		0.0904336		43		71986		4.4563
1111111111		33		0.0710222		42		71988		4.45712
1111111111		32		0.0547571		41		71988		4.45251
1111111111		31		0.0412181		40		71988		4.44654
1111111111		30		0.0302822		39		71988		4.45844
1111111111		29		0.0217096		38		71988		4.4596
1111111111		28		0.0152195		37		71988		4.44547
1111111111		27		0.0104476		36		71988		4.46554
1111111111		26		0.00701171		35		71988		4.45213
1111111111		25		0.00457682		34		71988		4.45109
1111111111		24		0.00288772		33		71988		4.45875
1111111111		23		0.00174926		32		71988		4.44043
1111111111		22		0.00100451		31		71988		4.44659
1111111111		21		0.000554102		30		71988		4.45408
1111111111		20		0.000290859		29		71988		4.4614
1111111111		19		0.000143766		28		71988		4.46349
1111111111		18		6.62113e-05		27		71988		4.44555
1111111111		17		2.78837e-05		26		71988		4.46805
1111111111		16		1.03293e-05		25		71988		4.46647
1111111111		15		3.0967e-06		24		71988		4.45753
1111111111		14		6.04963e-07		23		71988		4.43549
1111111111		13		0		22		71992		4.47433
